Absorbance:209		
188.012	-0	
188.47	-0	
188.927	-0	
189.385	-0	
189.842	0.32	
190.3	-0	
190.757	0.56	
191.215	-0	
191.672	-0.01	
192.129	0.01	
192.586	0.34	
193.044	-0	
193.501	0.37	
193.958	1.96	
194.415	-0	
194.872	-1.36	
195.329	-0	
195.787	0.4	
196.244	-0.27	
196.7	-0.4	
197.157	-0.07	
197.614	0.14	
198.071	-0.61	
198.528	-0.29	
198.985	0.13	
199.441	-0.07	
199.898	-0.11	
200.355	0.04	
200.812	-0.14	
201.268	-0.18	
201.725	-0.09	
202.181	-0.05	
202.638	-0.24	
203.094	-0.2	
203.551	-0.01	
204.007	-0.08	
204.463	0	
204.92	-0.05	
205.376	0.13	
205.832	0.09	
206.288	0.07	
206.744	-0.2	
207.201	-0.02	
207.657	-0.12	
208.113	-0.12	
208.569	-0.05	
209.025	0.04	
209.481	-0.09	
209.937	-0.08	
210.392	-0	
210.848	-0.02	
211.304	-0.08	
211.76	-0.04	
212.215	-0.14	
212.671	-0.1	
213.127	-0.05	
213.582	-0	
214.038	-0.21	
214.494	-0.12	
214.949	-0.02	
215.404	-0.05	
215.86	-0.1	
216.315	-0.06	
216.771	-0.07	
217.226	-0.11	
217.681	-0.07	
218.136	-0.11	
218.592	-0.07	
219.047	-0.08	
219.502	-0.08	
219.957	-0.09	
220.412	-0.09	
220.867	-0.08	
221.322	-0.1	
221.777	-0.11	
222.232	-0.09	
222.687	-0.1	
223.142	-0.08	
223.596	-0.09	
224.051	-0.09	
224.506	-0.08	
224.96	-0.08	
225.415	-0.08	
225.87	-0.08	
226.324	-0.08	
226.779	-0.08	
227.233	-0.09	
227.688	-0.08	
228.142	-0.09	
228.597	-0.08	
229.051	-0.08	
229.505	-0.08	
229.959	-0.08	
230.414	-0.09	
230.868	-0.08	
231.322	-0.06	
231.776	-0.07	
232.23	-0.08	
232.684	-0.07	
233.138	-0.07	
233.592	-0.08	
234.046	-0.08	
234.5	-0.07	
234.954	-0.07	
235.408	-0.08	
235.861	-0.07	
236.315	-0.07	
236.769	-0.08	
237.222	-0.08	
237.676	-0.08	
238.13	-0.08	
238.583	-0.07	
239.037	-0.07	
239.49	-0.07	
239.944	-0.06	
240.397	-0.07	
240.85	-0.07	
241.304	-0.06	
241.757	-0.06	
242.21	-0.07	
242.663	-0.07	
243.117	-0.06	
243.57	-0.06	
244.023	-0.06	
244.476	-0.06	
244.929	-0.06	
245.382	-0.06	
245.835	-0.06	
246.288	-0.06	
246.741	-0.06	
247.193	-0.06	
247.646	-0.06	
248.099	-0.06	
248.552	-0.05	
249.004	-0.06	
249.457	-0.05	
249.909	-0.05	
250.362	-0.06	
250.814	-0.06	
251.267	-0.06	
251.719	-0.05	
252.172	-0.06	
252.624	-0.06	
253.076	-0.06	
253.529	-0.05	
253.981	-0.06	
254.433	-0.05	
254.885	-0.06	
255.337	-0.05	
255.79	-0.05	
256.242	-0.05	
256.694	-0.06	
257.146	-0.05	
257.598	-0.05	
258.049	-0.05	
258.501	-0.05	
258.953	-0.05	
259.405	-0.04	
259.857	-0.05	
260.308	-0.05	
260.76	-0.05	
261.212	-0.05	
261.663	-0.05	
262.115	-0.05	
262.566	-0.05	
263.018	-0.05	
263.469	-0.05	
263.92	-0.05	
264.372	-0.05	
264.823	-0.05	
265.274	-0.05	
265.726	-0.05	
266.177	-0.04	
266.628	-0.04	
267.079	-0.05	
267.53	-0.05	
267.981	-0.05	
268.432	-0.05	
268.883	-0.05	
269.334	-0.05	
269.785	-0.05	
270.236	-0.05	
270.687	-0.04	
271.137	-0.05	
271.588	-0.05	
272.039	-0.05	
272.489	-0.05	
272.94	-0.05	
273.391	-0.05	
273.841	-0.04	
274.292	-0.04	
274.742	-0.05	
275.192	-0.05	
275.643	-0.05	
276.093	-0.04	
276.543	-0.05	
276.994	-0.05	
277.444	-0.04	
277.894	-0.05	
278.344	-0.05	
278.794	-0.05	
279.244	-0.04	
279.694	-0.04	
280.144	-0.05	
280.594	-0.05	
281.044	-0.05	
281.494	-0.04	
281.944	-0.04	
282.394	-0.04	
282.843	-0.04	
283.293	-0.05	
283.743	-0.04	
284.192	-0.04	
284.642	-0.05	
285.091	-0.04	
285.541	-0.04	
285.99	-0.04	
286.44	-0.05	
286.889	-0.05	
287.338	-0.04	
287.788	-0.04	
288.237	-0.04	
288.686	-0.04	
289.135	-0.04	
289.584	-0.04	
290.034	-0.04	
290.483	-0.04	
290.932	-0.03	
291.381	-0.04	
291.83	-0.04	
292.278	-0.04	
292.727	-0.04	
293.176	-0.04	
293.625	-0.04	
294.074	-0.03	
294.522	-0.03	
294.971	-0.03	
295.42	-0.03	
295.868	-0.03	
296.317	-0.04	
296.765	-0.03	
297.214	-0.04	
297.662	-0.04	
298.11	-0.03	
298.559	-0.04	
299.007	-0.03	
299.455	-0.04	
299.903	-0.03	
300.352	-0.04	
300.8	-0.04	
301.248	-0.04	
301.696	-0.03	
302.144	-0.03	
302.592	-0.04	
303.04	-0.04	
303.488	-0.04	
303.936	-0.03	
304.383	-0.04	
304.831	-0.03	
305.279	-0.03	
305.727	-0.03	
306.174	-0.03	
306.622	-0.03	
307.069	-0.03	
307.517	-0.03	
307.964	-0.03	
308.412	-0.03	
308.859	-0.03	
309.306	-0.03	
309.754	-0.03	
310.201	-0.03	
310.648	-0.03	
311.096	-0.03	
311.543	-0.03	
311.99	-0.03	
312.437	-0.03	
312.884	-0.03	
313.331	-0.03	
313.778	-0.03	
314.225	-0.03	
314.672	-0.02	
315.118	-0.03	
315.565	-0.04	
316.012	-0.04	
316.459	-0.03	
316.905	-0.02	
317.352	-0.03	
317.798	-0.03	
318.245	-0.03	
318.691	-0.03	
319.138	-0.03	
319.584	-0.03	
320.031	-0.03	
320.477	-0.03	
320.923	-0.03	
321.37	-0.04	
321.816	-0.03	
322.262	-0.03	
322.708	-0.03	
323.154	-0.03	
323.6	-0.03	
324.046	-0.02	
324.492	-0.03	
324.938	-0.03	
325.384	-0.03	
325.83	-0.03	
326.276	-0.02	
326.721	-0.03	
327.167	-0.03	
327.613	-0.03	
328.058	-0.03	
328.504	-0.03	
328.949	-0.03	
329.395	-0.02	
329.84	-0.03	
330.286	-0.02	
330.731	-0.02	
331.177	-0.02	
331.622	-0.02	
332.067	-0.03	
332.512	-0.03	
332.957	-0.02	
333.403	-0.02	
333.848	-0.03	
334.293	-0.02	
334.738	-0.02	
335.183	-0.03	
335.628	-0.03	
336.072	-0.02	
336.517	-0.02	
336.962	-0.02	
337.407	-0.02	
337.852	-0.03	
338.296	-0.01	
338.741	-0.02	
339.185	-0.03	
339.63	-0.02	
340.074	-0.02	
340.519	-0.02	
340.963	-0.02	
341.408	-0.01	
341.852	-0.02	
342.296	-0.02	
342.741	-0.02	
343.185	-0.02	
343.629	-0.02	
344.073	-0.02	
344.517	-0.02	
344.961	-0.02	
345.405	-0.03	
345.849	-0.02	
346.293	-0.01	
346.737	-0.01	
347.181	-0.01	
347.624	-0.02	
348.068	-0.01	
348.512	-0.02	
348.955	-0.02	
349.399	-0.01	
349.843	-0.02	
350.286	-0.01	
350.73	-0.02	
351.173	-0.01	
351.617	-0.01	
352.06	-0.01	
352.503	-0.02	
352.946	-0.02	
353.39	-0.01	
353.833	-0.01	
354.276	-0.01	
354.719	-0	
355.162	-0.01	
355.605	-0.01	
356.048	-0.01	
356.491	-0.01	
356.934	0.01	
357.377	-0.02	
357.82	-0.01	
358.262	0.01	
358.705	0	
359.148	0	
359.59	-0	
360.033	-0.01	
360.475	-0	
360.918	0.01	
361.36	0.01	
361.803	0.01	
362.245	-0	
362.688	0.01	
363.13	0.01	
363.572	0.01	
364.014	0.02	
364.456	0.01	
364.899	0.02	
365.341	0.02	
365.783	0.03	
366.225	0.02	
366.667	0.03	
367.108	0.02	
367.55	0.03	
367.992	0.03	
368.434	0.04	
368.876	0.03	
369.317	0.04	
369.759	0.03	
370.201	0.05	
370.642	0.05	
371.084	0.04	
371.525	0.05	
371.966	0.06	
372.408	0.06	
372.849	0.05	
373.29	0.06	
373.732	0.05	
374.173	0.06	
374.614	0.07	
375.055	0.08	
375.496	0.06	
375.937	0.06	
376.378	0.07	
376.819	0.07	
377.26	0.07	
377.701	0.09	
378.142	0.08	
378.583	0.08	
379.023	0.09	
379.464	0.1	
379.905	0.09	
380.345	0.1	
380.786	0.1	
381.226	0.11	
381.667	0.1	
382.107	0.11	
382.548	0.1	
382.988	0.12	
383.428	0.12	
383.868	0.12	
384.309	0.11	
384.749	0.13	
385.189	0.13	
385.629	0.13	
386.069	0.12	
386.509	0.13	
386.949	0.13	
387.389	0.12	
387.829	0.13	
388.268	0.12	
388.708	0.14	
389.148	0.14	
389.588	0.14	
390.027	0.14	
390.467	0.15	
390.906	0.15	
391.346	0.15	
391.785	0.13	
392.225	0.14	
392.664	0.14	
393.103	0.14	
393.543	0.15	
393.982	0.15	
394.421	0.15	
394.86	0.15	
395.299	0.15	
395.738	0.14	
396.177	0.15	
396.616	0.14	
397.055	0.15	
397.494	0.15	
397.933	0.14	
398.372	0.14	
398.81	0.14	
399.249	0.14	
399.688	0.14	
400.126	0.13	
400.565	0.13	
401.004	0.15	
401.442	0.13	
401.88	0.12	
402.319	0.14	
402.757	0.13	
403.195	0.13	
403.634	0.13	
404.072	0.12	
404.51	0.13	
404.948	0.14	
405.386	0.12	
405.824	0.12	
406.262	0.12	
406.7	0.12	
407.138	0.11	
407.576	0.12	
408.014	0.12	
408.452	0.12	
408.889	0.12	
409.327	0.1	
409.765	0.11	
410.202	0.11	
410.64	0.1	
411.077	0.11	
411.515	0.11	
411.952	0.09	
412.389	0.1	
412.827	0.1	
413.264	0.09	
413.701	0.09	
414.138	0.08	
414.575	0.09	
415.013	0.09	
415.45	0.08	
415.887	0.08	
416.324	0.08	
416.76	0.07	
417.197	0.07	
417.634	0.07	
418.071	0.07	
418.508	0.07	
418.944	0.06	
419.381	0.07	
419.818	0.06	
420.254	0.06	
420.691	0.05	
421.127	0.06	
421.563	0.05	
422	0.06	
422.436	0.04	
422.872	0.04	
423.309	0.04	
423.745	0.04	
424.181	0.04	
424.617	0.04	
425.053	0.02	
425.489	0.03	
425.925	0.04	
426.361	0.04	
426.797	0.03	
427.233	0.03	
427.668	0.03	
428.104	0.02	
428.54	0.02	
428.975	0.02	
429.411	0.02	
429.847	0.01	
430.282	0.02	
430.717	0.02	
431.153	0.01	
431.588	0.02	
432.024	0.03	
432.459	0.02	
432.894	0.01	
433.329	0.02	
433.764	0.01	
434.199	0	
434.634	0.01	
435.069	0.01	
435.504	0.01	
435.939	0	
436.374	-0	
436.809	-0	
437.244	0	
437.678	0	
438.113	-0	
438.548	0	
438.982	-0	
439.417	0.01	
439.851	0	
440.286	-0.01	
440.72	-0	
441.154	-0.02	
441.589	-0	
442.023	-0	
442.457	-0.01	
442.891	0	
443.326	-0.01	
443.76	-0	
444.194	-0.01	
444.628	0.01	
445.062	-0	
445.495	-0.02	
445.929	-0.01	
446.363	-0.03	
446.797	-0.01	
447.23	-0.02	
447.664	-0.02	
448.098	-0.01	
448.531	-0	
448.965	0.01	
449.398	-0.01	
449.832	-0.02	
450.265	-0.02	
450.698	-0.01	
451.132	-0.02	
451.565	-0.01	
451.998	-0.01	
452.431	-0.01	
452.864	-0.01	
453.297	-0	
453.73	-0	
454.163	-0.01	
454.596	-0.03	
455.029	-0.01	
455.462	-0.02	
455.895	-0.01	
456.327	-0.01	
456.76	-0.01	
457.193	-0.02	
457.625	-0.01	
458.058	-0.02	
458.49	-0.01	
458.923	-0.02	
459.355	-0.01	
459.787	-0.03	
460.22	-0.01	
460.652	-0.02	
461.084	-0.02	
461.516	-0.01	
461.948	-0	
462.381	-0.02	
462.813	-0.02	
463.245	-0.01	
463.676	-0.01	
464.108	-0.01	
464.54	-0.02	
464.972	-0.02	
465.404	-0.03	
465.835	-0.02	
466.267	-0.02	
466.699	-0.02	
467.13	-0.02	
467.562	-0.02	
467.993	-0.02	
468.424	-0.02	
468.856	-0.02	
469.287	-0.02	
469.718	-0.02	
470.15	-0.01	
470.581	-0.02	
471.012	-0.03	
471.443	-0.02	
471.874	-0.01	
472.305	-0.02	
472.736	-0.03	
473.167	-0.02	
473.598	-0.02	
474.028	-0.02	
474.459	-0.02	
474.89	-0.03	
475.32	-0.03	
475.751	-0.02	
476.182	-0.02	
476.612	-0.02	
477.043	-0.02	
477.473	-0.03	
477.903	-0.03	
478.334	-0.02	
478.764	-0.03	
479.194	-0.03	
479.624	-0.03	
480.054	-0.03	
480.484	-0.01	
480.914	-0.01	
481.344	-0.02	
481.774	-0.03	
482.204	-0.04	
482.634	-0.02	
483.064	-0.03	
483.494	-0.02	
483.923	-0.03	
484.353	-0.02	
484.782	-0.03	
485.212	-0.02	
485.642	-0.02	
486.071	-0.03	
486.5	-0.04	
486.93	-0.02	
487.359	-0.03	
487.788	-0.02	
488.217	-0.02	
488.647	-0.02	
489.076	-0.03	
489.505	-0.03	
489.934	-0.02	
490.363	-0.03	
490.792	-0.02	
491.221	-0.02	
491.649	-0.02	
492.078	-0.02	
492.507	-0.04	
492.936	-0.04	
493.364	-0.03	
493.793	-0.03	
494.221	-0.03	
494.65	-0.02	
495.078	-0.03	
495.507	-0.02	
495.935	-0.03	
496.363	-0.03	
496.791	-0.02	
497.22	-0.01	
497.648	-0.02	
498.076	-0.02	
498.504	-0.02	
498.932	-0.02	
499.36	-0.02	
499.788	-0.03	
500.216	-0.02	
500.643	-0.03	
501.071	-0.03	
501.499	-0.03	
501.927	-0.03	
502.354	-0.03	
502.782	-0.02	
503.209	-0.02	
503.637	-0.03	
504.064	-0.03	
504.491	-0.04	
504.919	-0.02	
505.346	-0.03	
505.773	-0.03	
506.2	-0.02	
506.628	-0.02	
507.055	-0.02	
507.482	-0.03	
507.909	-0.02	
508.335	-0.03	
508.762	-0.02	
509.189	-0.04	
509.616	-0.03	
510.043	-0.03	
510.469	-0.03	
510.896	-0.03	
511.323	-0.03	
511.749	-0.03	
512.176	-0.02	
512.602	-0.03	
513.028	-0.02	
513.455	-0.03	
513.881	-0.02	
514.307	-0.01	
514.733	-0.03	
515.16	-0.02	
515.586	-0.02	
516.012	-0.03	
516.438	-0.03	
516.864	-0.02	
517.29	-0.04	
517.715	-0.03	
518.141	-0.03	
518.567	-0.03	
518.993	-0.03	
519.418	-0.03	
519.844	-0.04	
520.269	-0.03	
520.695	-0.03	
521.12	-0.03	
521.546	-0.03	
521.971	-0.02	
522.396	-0.03	
522.822	-0.03	
523.247	-0.03	
523.672	-0.02	
524.097	-0.03	
524.522	-0.03	
524.947	-0.03	
525.372	-0.03	
525.797	-0.03	
526.222	-0.03	
526.647	-0.03	
527.071	-0.04	
527.496	-0.03	
527.921	-0.02	
528.345	-0.02	
528.77	-0.03	
529.194	-0.02	
529.619	-0.02	
530.043	-0.02	
530.468	-0.03	
530.892	-0.03	
531.316	-0.03	
531.74	-0.01	
532.164	-0.02	
532.589	-0.02	
533.013	-0.02	
533.437	-0.04	
533.861	-0.04	
534.284	-0.02	
534.708	-0.04	
535.132	-0.02	
535.556	-0.03	
535.98	-0.02	
536.403	-0.03	
536.827	-0.03	
537.25	-0.03	
537.674	-0.03	
538.097	-0.04	
538.521	-0.03	
538.944	-0.03	
539.367	-0.03	
539.791	-0.04	
540.214	-0.03	
540.637	-0.03	
541.06	-0.03	
541.483	-0.04	
541.906	-0.02	
542.329	-0.03	
542.752	-0.03	
543.175	-0.04	
543.598	-0.02	
544.02	-0.02	
544.443	-0.02	
544.866	-0.04	
545.288	-0.03	
545.711	-0.04	
546.133	-0.03	
546.556	-0.04	
546.978	-0.03	
547.4	-0.03	
547.823	-0.03	
548.245	-0.04	
548.667	-0.03	
549.089	-0.03	
549.511	-0.02	
549.933	-0.02	
550.355	-0.03	
550.777	-0.02	
551.199	-0.02	
551.621	-0.02	
552.043	-0.02	
552.465	-0.04	
552.886	-0.02	
553.308	-0.01	
553.729	-0.04	
554.151	-0.03	
554.572	-0.02	
554.994	-0.02	
555.415	-0.03	
555.837	-0.03	
556.258	-0.03	
556.679	-0.03	
557.1	-0.02	
557.521	-0.02	
557.942	-0.03	
558.363	-0.02	
558.784	-0.02	
559.205	-0.03	
559.626	-0.04	
560.047	-0.02	
560.468	-0.02	
560.888	-0.04	
561.309	-0.03	
561.73	-0.03	
562.15	-0.03	
562.571	-0.03	
562.991	-0.03	
563.412	-0.03	
563.832	-0.02	
564.252	-0.02	
564.673	-0.03	
565.093	-0.03	
565.513	-0.02	
565.933	-0.02	
566.353	-0.02	
566.773	-0.02	
567.193	-0.03	
567.613	-0.03	
568.033	-0.02	
568.452	-0.04	
568.872	-0.03	
569.292	-0.03	
569.711	-0.02	
570.131	-0.03	
570.551	-0.03	
570.97	-0.03	
571.389	-0.03	
571.809	-0.05	
572.228	-0.03	
572.647	-0.02	
573.067	-0.01	
573.486	-0.04	
573.905	-0.04	
574.324	-0.02	
574.743	-0.02	
575.162	-0.03	
575.581	-0.02	
576	-0.02	
576.419	-0.01	
576.837	-0.03	
577.256	-0.02	
577.675	-0.04	
578.093	-0.04	
578.512	-0.04	
578.93	-0.02	
579.349	-0.01	
579.767	-0.03	
580.185	-0.03	
580.604	-0.03	
581.022	-0.02	
581.44	-0.03	
581.858	-0.03	
582.276	-0.03	
582.694	-0.01	
583.112	-0.02	
583.53	-0.01	
583.948	-0.01	
584.366	-0.01	
584.784	-0.03	
585.201	-0.04	
585.619	-0.04	
586.037	-0.02	
586.454	-0.02	
586.872	-0.01	
587.289	-0.01	
587.707	-0.02	
588.124	-0.02	
588.541	-0.02	
588.958	-0.02	
589.376	-0	
589.793	-0.01	
590.21	-0.02	
590.627	-0.02	
591.044	-0.01	
591.461	-0.01	
591.878	-0.01	
592.294	-0.02	
592.711	-0.02	
593.128	-0.01	
593.545	-0.03	
593.961	-0.02	
594.378	-0.01	
594.794	0	
595.211	-0	
595.627	-0.01	
596.043	-0.01	
596.46	-0.01	
596.876	-0.01	
597.292	-0.01	
597.708	-0.02	
598.124	-0.02	
598.54	-0.02	
598.956	-0.02	
599.372	-0.03	
599.788	-0.02	
600.204	-0.02	
600.62	-0.01	
601.035	-0.01	
601.451	-0.01	
601.867	0	
602.282	-0.01	
602.698	-0.02	
603.113	0.01	
603.529	-0.01	
603.944	-0.03	
604.359	-0.02	
604.774	-0.01	
605.19	-0.02	
605.605	0	
606.02	-0.02	
606.435	-0	
606.85	0	
607.265	-0.01	
607.68	-0.02	
608.094	-0.01	
608.509	0	
608.924	0	
609.338	-0.01	
609.753	-0.02	
610.168	-0.02	
610.582	-0	
610.997	-0.03	
611.411	-0.01	
611.825	-0.02	
612.24	-0.01	
612.654	-0.02	
613.068	-0.01	
613.482	-0.01	
613.896	-0.02	
614.31	-0.01	
614.724	-0.01	
615.138	-0.03	
615.552	-0.01	
615.966	0	
616.379	0.01	
616.793	0	
617.207	0.01	
617.62	0.01	
618.034	-0	
618.447	-0.01	
618.861	-0.01	
619.274	0.01	
619.687	0.01	
620.101	-0.01	
620.514	0	
620.927	0	
621.34	-0	
621.753	-0	
622.166	-0.01	
622.579	-0.01	
622.992	-0.01	
623.405	0	
623.817	0	
624.23	0.01	
624.643	0	
625.055	-0.01	
625.468	0	
625.88	0.01	
626.293	0.01	
626.705	0	
627.118	-0	
627.53	-0.01	
627.942	0.01	
628.354	0.01	
628.766	-0	
629.179	-0.01	
629.591	0.01	
630.003	0.01	
630.414	0	
630.826	0.02	
631.238	0.02	
631.65	0	
632.061	0.01	
632.473	0.01	
632.885	-0.01	
633.296	-0.01	
633.708	0	
634.119	0.01	
634.53	0.01	
634.942	0.01	
635.353	-0.02	
635.764	0.03	
636.175	0.01	
636.586	-0.01	
636.998	-0.02	
637.408	-0.01	
637.819	-0	
638.23	-0.01	
638.641	0.01	
639.052	0.01	
639.463	0.02	
639.873	0.01	
640.284	0.03	
640.694	-0	
641.105	0.01	
641.515	0	
641.926	0.01	
642.336	0	
642.746	-0	
643.157	0.03	
643.567	-0	
643.977	0.03	
644.387	0.03	
644.797	-0.01	
645.207	-0	
645.617	0.01	
646.026	0.02	
646.436	0.03	
646.846	-0.01	
647.256	0.02	
647.665	0	
648.075	-0.02	
648.484	-0.01	
648.894	0.01	
649.303	-0.01	
649.713	0.02	
650.122	0.01	
650.531	0.02	
650.94	0.03	
651.349	0.01	
651.758	0.03	
652.167	0	
652.576	0.04	
652.985	-0.01	
653.394	-0.01	
653.803	0.01	
654.212	0.02	
654.62	0	
655.029	-0.01	
655.437	0.04	
655.846	-0.03	
656.254	-0.03	
656.663	0.01	
657.071	0.04	
657.479	0.06	
657.888	0.06	
658.296	0.04	
658.704	0.03	
659.112	0.02	
659.52	0.02	
659.928	0.02	
660.336	0.02	
660.744	0	
661.152	0	
661.559	0	
661.967	0	
662.375	-0	
662.782	0.01	
663.19	0.01	
663.597	-0.01	
664.005	-0	
664.412	0.01	
664.819	0.01	
665.226	0.04	
665.634	0.01	
666.041	-0	
666.448	0.01	
666.855	0.02	
667.262	-0.01	
667.669	0.02	
668.075	0.02	
668.482	-0.02	
668.889	0.02	
669.296	0.01	
669.702	0.03	
670.109	-0.01	
670.515	-0	
670.922	0.01	
671.328	-0	
671.734	0.01	
672.141	0.01	
672.547	0.01	
672.953	0.02	
673.359	0.03	
673.765	0.04	
674.171	0.02	
674.577	-0	
674.983	-0.01	
675.389	0.03	
675.795	0.02	
676.201	-0.02	
676.606	-0	
677.012	0.02	
677.417	0.03	
677.823	0.02	
678.228	0.01	
678.634	0.01	
679.039	0.02	
679.444	0.01	
679.849	0.01	
680.255	-0.01	
680.66	0	
681.065	0.01	
681.47	-0	
681.875	-0.01	
682.28	0.03	
682.684	0.01	
683.089	0.02	
683.494	0.02	
683.899	0.02	
684.303	0.01	
684.708	-0	
685.112	0.02	
685.517	-0.02	
685.921	0	
686.325	-0	
686.729	0.01	
687.134	0.02	
687.538	-0.01	
687.942	-0.01	
688.346	0.01	
688.75	0.01	
689.154	0.04	
689.558	0.02	
689.961	0	
690.365	0.01	
690.769	0.02	
691.173	0.03	
691.576	0.01	
691.98	0.01	
692.383	0.02	
692.786	0.03	
693.19	0.02	
693.593	0.01	
693.996	0.02	
694.399	0.03	
694.803	0.02	
695.206	0.01	
695.609	0.02	
696.012	0.03	
696.414	-0	
696.817	0.02	
697.22	0.02	
697.623	0	
698.025	0	
698.428	0.03	
698.831	0.02	
699.233	0.01	
699.636	0.02	
700.038	0.02	
700.44	0.01	
700.842	0.03	
701.245	0.05	
701.647	-0.01	
702.049	-0.01	
702.451	0.01	
702.853	0.01	
703.255	0.03	
703.657	0.02	
704.058	0.06	
704.46	0.01	
704.862	0.03	
705.264	0.02	
705.665	0.02	
706.067	0.02	
706.468	0.04	
706.869	-0.03	
707.271	0.02	
707.672	0.01	
708.073	0.02	
708.474	0.02	
708.876	0.01	
709.277	0.03	
709.678	0.04	
710.079	0.04	
710.479	0	
710.88	0.02	
711.281	0.02	
711.682	0.01	
712.082	0.02	
712.483	0.01	
712.883	0.02	
713.284	0.01	
713.684	-0	
714.085	0.02	
714.485	0.03	
714.885	0.04	
715.285	0.01	
715.686	0.04	
716.086	0.04	
716.486	0.03	
716.886	0.02	
717.285	-0	
717.685	0.02	
718.085	0.03	
718.485	0.01	
718.884	0.01	
719.284	0.03	
719.684	0.01	
720.083	0.01	
720.483	0.03	
720.882	0.04	
721.281	0.02	
721.68	0.01	
722.08	0.02	
722.479	0.02	
722.878	0.01	
723.277	0.02	
723.676	0.03	
724.075	0.02	
724.474	0.02	
724.872	0.04	
725.271	-0	
725.67	0.01	
726.068	-0.01	
726.467	0.02	
726.865	0.03	
727.264	0.01	
727.662	0.02	
728.061	0.02	
728.459	0.01	
728.857	0.02	
729.255	0.01	
729.653	0.02	
730.051	0.02	
730.449	0.01	
730.847	0.01	
731.245	0.02	
731.643	0.02	
732.041	0.01	
732.438	0.04	
732.836	0.02	
733.233	0.02	
733.631	0.02	
734.028	0.03	
734.426	0.02	
734.823	0.01	
735.22	0.03	
735.617	0.03	
736.015	0.03	
736.412	0.02	
736.809	0.03	
737.206	0.03	
737.603	0.02	
737.999	0.02	
738.396	0.03	
738.793	0.01	
739.19	-0.01	
739.586	-0	
739.983	0.02	
740.379	0.02	
740.776	-0.01	
741.172	0.02	
741.568	0.02	
741.965	0.02	
742.361	0.02	
742.757	-0.01	
743.153	0.02	
743.549	0.02	
743.945	0.03	
744.341	-0.01	
744.737	-0.01	
745.133	-0	
745.528	0.01	
745.924	0.02	
746.32	0.04	
746.715	0.03	
747.111	0.01	
747.506	0.01	
747.901	0.05	
748.297	0.01	
748.692	0.01	
749.087	0.03	
749.482	0.01	
749.877	0.02	
750.272	0.01	
750.667	0.02	
751.062	-0	
751.457	-0.01	
751.852	0.02	
752.247	0.01	
752.641	0.02	
753.036	0.01	
753.43	0.01	
753.825	0.01	
754.219	0.01	
754.614	-0.02	
755.008	-0.01	
755.402	0.01	
755.796	-0.02	
756.19	0.01	
756.584	0.02	
756.978	-0	
757.372	-0.01	
757.766	-0.01	
758.16	0	
758.554	0.01	
758.948	0.01	
759.341	0.02	
759.735	0.01	
760.128	0	
760.522	-0	
760.915	0.01	
761.308	0.01	
761.702	0.01	
762.095	0.01	
762.488	-0.02	
762.881	-0	
763.274	0.01	
763.667	-0	
764.06	0.02	
764.453	-0.01	
764.846	-0.02	
765.239	-0.01	
765.631	0.01	
766.024	0.02	
766.416	0.02	
766.809	-0	
767.201	0.02	
767.594	0	
767.986	0.01	
768.378	-0.02	
768.77	0.02	
769.163	0	
769.555	-0.01	
769.947	0.02	
770.339	-0.01	
770.73	-0	
771.122	0	
771.514	-0.02	
771.906	0	
772.297	-0.02	
772.689	0	
773.081	-0	
773.472	0	
773.863	-0.02	
774.255	-0	
774.646	-0.02	
775.037	-0.01	
775.428	-0.01	
775.82	-0.02	
776.211	0	
776.602	-0.01	
776.993	-0	
777.383	-0.01	
777.774	-0.04	
778.165	-0.01	
778.556	-0.01	
778.946	-0.01	
779.337	-0.03	
779.727	-0	
780.118	0	
780.508	-0.02	
780.898	-0.01	
781.289	-0.02	
781.679	-0.03	
782.069	-0	
782.459	-0.01	
782.849	-0.03	
783.239	-0.02	
783.629	0	
784.019	-0.01	
784.408	0.01	
784.798	0	
785.188	-0.02	
785.577	-0.03	
785.967	-0.03	
786.356	0	
786.746	-0.02	
787.135	0.01	
787.524	-0.02	
787.914	-0.01	
788.303	-0.01	
788.692	-0.01	
789.081	0	
789.47	0	
789.859	-0	
790.248	0	
790.636	-0.02	
791.025	-0	
791.414	-0.03	
791.802	-0.01	
792.191	-0.02	
792.579	-0.03	
792.968	-0.01	
793.356	-0.03	
793.744	-0.05	
794.133	-0.04	
794.521	-0.02	
794.909	-0.03	
795.297	-0.01	
795.685	-0.01	
796.073	-0.04	
796.461	-0.02	
796.848	-0.02	
797.236	-0.03	
797.624	-0.01	
798.011	-0	
798.399	0.01	
798.787	0	
799.174	-0	
799.561	-0.03	
799.949	-0.01	
800.336	-0.02	
800.723	-0.01	
801.11	-0.01	
801.497	0.01	
801.884	-0.03	
802.271	-0.01	
802.658	-0.02	
803.045	-0.04	
803.432	-0.03	
803.818	-0	
804.205	-0.03	
804.591	-0.01	
804.978	-0.02	
805.364	-0.02	
805.751	-0.02	
806.137	0.02	
806.523	-0.02	
806.91	-0.03	
807.296	-0	
807.682	0.01	
808.068	-0.03	
808.454	-0.03	
808.84	-0.04	
809.225	-0.03	
809.611	-0	
809.997	-0.05	
810.382	-0.03	
810.768	-0.04	
811.153	-0.03	
811.539	0	
811.924	-0.01	
812.31	-0	
812.695	0.01	
813.08	-0.01	
813.465	-0.01	
813.85	-0.07	
814.235	-0.03	
814.62	-0.04	
815.005	-0.01	
815.39	-0.05	
815.775	-0.03	
816.159	-0.04	
816.544	-0.04	
816.929	-0.05	
817.313	-0.01	
817.697	-0.03	
818.082	-0.02	
818.466	-0.04	
818.85	-0.05	
819.235	0.01	
819.619	-0.01	
820.003	-0.04	
820.387	-0.04	
820.771	-0.03	
821.155	-0.03	
821.538	-0.01	
821.922	-0.02	
822.306	-0.02	
822.689	-0.02	
823.073	-0.06	
823.457	-0.03	
823.84	-0.05	
824.223	0	
824.607	-0.04	
824.99	-0.03	
825.373	-0	
825.756	-0.02	
826.139	-0.05	
826.522	-0.05	
826.905	-0.04	
827.288	-0.04	
827.671	-0.06	
828.054	-0.05	
828.436	-0.05	
828.819	-0.05	
829.201	-0.02	
829.584	-0.04	
829.966	0.01	
830.349	-0.03	
830.731	0.01	
831.113	-0.03	
831.495	-0.02	
831.878	-0.05	
832.26	-0.04	
832.642	-0.06	
833.024	-0.04	
833.405	-0.07	
833.787	-0.02	
834.169	-0.05	
834.551	-0.07	
834.932	-0.03	
835.314	-0.01	
835.695	-0.03	
836.077	-0.07	
836.458	-0.02	
836.839	-0.07	
837.22	-0.05	
837.602	-0.06	
837.983	-0.04	
838.364	-0.04	
838.745	-0.01	
839.126	-0.04	
839.506	-0.06	
839.887	-0.03	
840.268	-0.01	
840.649	-0.03	
841.029	-0.04	
841.41	-0.04	
841.79	-0.07	
842.171	-0.05	
842.551	-0.03	
842.931	-0.09	
843.311	-0.07	
843.691	-0.04	
844.072	-0.08	
844.452	-0.06	
844.832	-0.02	
845.211	-0.02	
845.591	-0.05	
845.971	-0.05	
846.351	-0.05	
846.73	-0.04	
847.11	-0.04	
847.489	-0.06	
847.869	-0.04	
848.248	-0.01	
848.627	-0.03	
849.007	-0.03	
849.386	-0.03	
849.765	-0.02	
850.144	-0.04	
850.523	-0.02	
850.902	-0.05	
851.281	-0.08	
851.66	-0.03	
852.038	-0.02	
852.417	-0.06	
852.796	-0.07	
853.174	-0.05	
853.553	-0.07	
853.931	-0.03	
854.309	-0.07	
854.688	0.01	
855.066	-0.09	
855.444	-0.02	
855.822	-0.04	
856.2	-0.05	
856.578	-0.02	
856.956	-0.04	
857.334	-0.07	
857.712	-0.07	
858.089	-0.05	
858.467	-0.05	
858.844	-0.07	
859.222	-0.04	
859.599	-0.05	
859.977	-0.05	
860.354	-0.05	
860.731	-0.01	
861.109	-0.07	
861.486	-0.05	
861.863	-0.04	
862.24	-0.04	
862.617	-0.05	
862.993	-0.02	
863.37	-0.03	
863.747	-0.04	
864.124	-0.08	
864.5	-0.01	
864.877	-0.02	
865.253	-0.06	
865.63	-0.09	
866.006	-0.07	
866.382	-0.01	
866.758	-0.06	
867.135	-0.03	
867.511	-0.07	
867.887	-0.02	
868.263	-0.04	
868.639	-0.03	
869.014	-0.04	
869.39	-0.05	
869.766	-0.03	
870.141	-0.01	
870.517	-0.02	
870.892	-0.02	
871.268	-0.08	
871.643	-0.02	
872.019	-0.08	
872.394	-0.04	
872.769	-0.06	
873.144	-0.02	
873.519	0	
873.894	-0.02	
874.269	-0.02	
874.644	-0.07	
875.019	-0.1	
875.393	-0.04	
875.768	-0.06	
876.143	-0.03	
876.517	-0.05	
876.891	-0	
877.266	-0.03	
877.64	-0.03	
878.014	-0.07	
878.389	-0.01	
878.763	0.02	
879.137	-0.05	
879.511	-0.01	
879.885	-0.01	
880.259	-0.02	
880.632	-0	
881.006	-0.08	
881.38	-0.04	
881.753	-0.03	
882.127	-0.03	
882.5	-0.03	
882.874	-0.01	
883.247	-0.01	
883.62	-0.02	
883.994	0	
884.367	-0.07	
884.74	-0.04	
885.113	0.01	
885.486	-0.05	
885.859	0.01	
886.231	-0.05	
886.604	-0.03	
886.977	-0.01	
887.349	-0.03	
887.722	-0.01	
888.094	-0	
888.467	-0.02	
888.839	-0.03	
889.211	-0.01	
889.584	-0.03	
889.956	-0.02	
890.328	-0.03	
890.7	0.02	
891.072	-0.01	
891.444	0.04	
891.816	-0.01	
892.187	0.02	
892.559	0.02	
892.931	0.01	
893.302	0.01	
893.674	0.03	
894.045	-0.04	
894.416	0.02	
894.788	0.01	
895.159	-0.03	
895.53	0.05	
895.901	-0.02	
896.272	0.03	
896.643	0.01	
897.014	0	
897.385	0	
897.756	-0	
898.126	-0.02	
898.497	0.04	
898.867	0.03	
899.238	-0.01	
899.608	-0.03	
899.979	0.03	
900.349	-0	
900.719	0.03	
901.089	-0.07	
901.459	-0.02	
901.829	-0.05	
902.199	-0	
902.569	-0.02	
902.939	0.04	
903.309	-0.04	
903.679	0.01	
904.048	0.02	
904.418	0.02	
904.787	0.01	
905.157	0.02	
905.526	0.04	
905.895	-0.02	
906.265	0.04	
906.634	-0.04	
907.003	0.02	
907.372	0.03	
907.741	-0.01	
908.11	0.04	
908.478	-0.01	
908.847	-0.02	
909.216	0.01	
909.585	0	
909.953	0.02	
910.322	0.02	
910.69	-0.03	
911.058	0.01	
911.427	0.03	
911.795	0.08	
912.163	0.03	
912.531	-0.02	
912.899	-0.03	
913.267	0.07	
913.635	0.03	
914.003	0	
914.37	0.04	
914.738	0.01	
915.106	-0.04	
915.473	0.06	
915.841	0.07	
916.208	0	
916.575	-0.02	
916.943	-0.1	
917.31	-0.04	
917.677	0.03	
918.044	0.02	
918.411	-0.04	
918.778	0.07	
919.145	0.1	
919.512	0.01	
919.879	0.01	
920.245	0.03	
920.612	0.07	
920.978	0.02	
921.345	0.03	
921.711	0.06	
922.078	0.05	
922.444	-0	
922.81	0.1	
923.176	-0.06	
923.542	0.02	
923.908	0.08	
924.274	0.03	
924.64	0.02	
925.006	0.04	
925.371	0.1	
925.737	-0.05	
926.103	0.03	
926.468	0.04	
926.834	-0	
927.199	-0.02	
927.564	0.04	
927.93	-0.02	
928.295	0.04	
928.66	0.11	
929.025	0.01	
929.39	0.07	
929.755	0.01	
930.12	-0.07	
930.484	0.19	
930.849	0.04	
931.214	-0.14	
931.578	0.04	
931.943	-0.01	
932.307	0.15	
932.672	0.03	
933.036	-0	
933.4	0.07	
933.764	0.12	
934.128	0.03	
934.492	0.09	
934.856	-0.08	
935.22	-0.01	
935.584	-0.04	
935.948	0.1	
936.311	-0.05	
936.675	0.2	
937.039	-0	
937.402	-0.25	
937.765	-0	
938.129	0.12	
938.492	0.13	
938.855	0.09	
939.218	-0.09	
939.581	0.11	
939.944	-0.03	
940.307	-0.04	
940.67	0.1	
941.033	0.05	
941.396	-0.04	
941.758	-0.06	
942.121	0.1	
942.483	0.15	
942.846	-0.01	
943.208	-0.12	
943.571	-0.01	
943.933	-0.23	
944.295	-0.1	
944.657	-0	
945.019	0.04	
945.381	-0.07	
945.743	0.1	
946.105	-0.01	
946.467	-0.05	
946.828	0.44	
947.19	0.13	
947.551	-0.04	
947.913	-0.06	
948.274	0.13	
948.636	-0.05	
948.997	-0.15	
949.358	-0.08	
949.719	0.12	
950.08	0.12	
950.441	0.11	
950.802	0.02	
951.163	0.19	
951.524	-0.11	
951.885	0.02	
952.245	0.18	
952.606	0.07	
952.966	-0.16	
953.327	0.16	
953.687	0.04	
954.047	0.14	
954.408	-0.6	
954.768	0.3	
955.128	-0.07	
955.488	0.01	
955.848	-0.14	
956.208	-0.32	
956.568	-0.26	
956.927	0.09	
957.287	-0.05	
957.647	0.19	
958.006	0.42	
958.366	0.23	
958.725	-0.07	
959.084	-0.13	
959.444	-0.49	
959.803	-0.12	
960.162	-0.04	
960.521	0.24	
960.88	0.08	
961.239	0.01	
961.598	-0.01	
961.957	-0.2	
962.315	-0.01	
962.674	-0.17	
963.033	0.29	
963.391	-0.22	
963.75	-0.09	
964.108	0.02	
964.466	-0.05	
964.824	-0.24	
965.183	-0.09	
965.541	-0.14	
965.899	0.11	
966.257	-0.17	
966.614	-0.15	
966.972	0.12	
967.33	0.04	
967.688	-0.04	
968.045	-0.21	
968.403	-0	
968.76	0.06	
969.118	0.27	
969.475	-0.07	
969.832	-0.07	
970.189	0.55	
970.546	-0.09	
970.903	-0.56	
971.26	-0.26	
971.617	0.17	
971.974	-0.48	
972.331	0.26	
972.688	-0	
973.044	-0.33	
973.401	-0.58	
973.757	-0.31	
974.114	0.25	
974.47	-1.38	
974.826	-0.29	
975.182	-0	
975.538	0.01	
975.895	-0.19	
976.251	-0	
976.606	0.14	
976.962	0.34	
977.318	-0.33	
977.674	0.14	
978.029	-0.26	
978.385	0.07	
978.74	0.12	
979.096	-0.05	
979.451	-0.64	
979.806	0.23	
980.162	0.22	
980.517	-0.01	
980.872	-0	
981.227	0.06	
981.582	0.16	
981.937	0.2	
982.291	-0	
982.646	-0.4	
983.001	0.07	
983.355	0.23	
983.71	-0.17	
984.064	-0.05	
984.419	-0.37	
984.773	-0.06	
985.127	-0.29	
985.481	0.88	
985.835	-0.01	
986.189	-1.25	
986.543	0.07	
986.897	-0.3	
987.251	-0	
987.605	-0.38	
987.958	-0	
988.312	0.06	
988.665	-0.1	
989.019	-0.95	
989.372	0.29	
989.725	-0.01	
990.079	-0.08	
990.432	-0.18	
990.785	-0.42	
991.138	-1.26	
991.491	0.01	
991.844	-0.35	
992.197	0.71	
992.549	0.72	
992.902	-0	
993.254	-0.23	
993.607	0.64	
993.959	-0.06	
994.312	-0.17	
994.664	-0.25	
995.016	-0.32	
995.368	0.18	
995.721	-0	
996.073	-0.19	
996.425	0.11	
996.776	0.45	
997.128	0.14	
997.48	-0.24	
997.832	0.57	
998.183	-0.14	
998.535	-0	
998.886	-0.25	
999.237	-0.16	
999.589	-0.19	
999.94	-0	
1000.291	-0.79	
1000.642	0.48	
1000.993	0.19	
1001.344	-0.69	
1001.695	0.35	
1002.046	-0.22	
1002.397	-0.42	
1002.747	-0	
1003.098	-0	
1003.448	0.13	
1003.799	-0.06	
1004.149	-0.21	
1004.499	-0.03	
1004.85	-0	
1005.2	-0.24	
1005.55	0.05	
1005.9	0.01	
1006.25	-0.47	
1006.6	-0	
1006.949	-0.19	
1007.299	-0	
1007.649	0.3	
1007.998	-0.79	
1008.348	0.04	
1008.697	0.52	
1009.047	-0.04	
1009.396	0.19	
1009.745	-0	
1010.094	-0.38	
1010.443	-0.62	
1010.792	-0.58	
1011.141	0.12	
1011.49	-0.26	
1011.839	-0	
1012.188	0.28	
1012.536	0.55	
1012.885	-0.11	
1013.233	0.11	
1013.582	0.03	
1013.93	0.45	
1014.278	-0.69	
1014.627	-0.51	
1014.975	0.09	
1015.323	0.55	
1015.671	-0	
1016.019	0.02	
1016.367	-0	
1016.714	0	
1017.062	-0	
1017.41	-0.11	
1017.757	0.02	
1018.105	-0	
1018.452	-0	
1018.8	-0	
1019.147	-0	
1019.494	-0	
1019.841	-0.24	
1020.188	0.02	
1020.535	-0	
1020.882	-0.35	
1021.229	2.29	
1021.576	-0.59	
1021.922	0.22	
1022.269	-0	
1022.615	0.88	
1022.962	0.74	
1023.308	0.74	
1023.655	0.74	
