188.012 	 -102.11 	 390.027 	 13948.13 
188.47 	 -102.11 	 448.098 	 4511.09 
188.927 	 -102.11 	 472.736 	 1510.52 
189.385 	 -249.56 	 493.364 	 2608.23 
189.842 	 21.94 	 502.782 	 9023.64 
190.3 	 -88.06 	 588.958 	 50891.15 
190.757 	 -127.85 	 621.34 	 2538.02 
191.215 	 -130.19 	 668.889 	 13196.82 
191.672 	 -85.72 	 707.672 	 10399.88 
192.129 	 -52.95 	 729.255 	 2184.6 
192.586 	 -38.91 	 918.411 	 1611.17 
193.044 	 78.12 
193.501 	 -36.57 
193.958 	 -36.57 
194.415 	 -6.14 
194.872 	 85.14 
195.329 	 134.29 
195.787 	 38.33 
196.244 	 103.86 
196.7 	 54.71 
197.157 	 108.54 
197.614 	 223.23 
198.071 	 183.44 
198.528 	 197.48 
198.985 	 192.8 
199.441 	 218.55 
199.898 	 188.12 
200.355 	 227.91 
200.812 	 225.57 
201.268 	 265.36 
201.725 	 284.08 
202.181 	 216.21 
202.638 	 316.85 
203.094 	 277.06 
203.551 	 330.89 
204.007 	 270.04 
204.463 	 422.17 
204.92 	 272.38 
205.376 	 340.26 
205.832 	 368.34 
206.288 	 375.36 
206.744 	 333.23 
207.201 	 277.06 
207.657 	 485.37 
208.113 	 358.98 
208.569 	 305.15 
209.025 	 387.07 
209.481 	 354.3 
209.937 	 366.0 
210.392 	 288.76 
210.848 	 349.62 
211.304 	 274.72 
211.76 	 319.19 
212.215 	 281.74 
212.671 	 277.06 
213.127 	 373.02 
213.582 	 405.79 
214.038 	 319.19 
214.494 	 342.6 
214.949 	 340.26 
215.404 	 333.23 
215.86 	 237.27 
216.315 	 328.55 
216.771 	 335.57 
217.226 	 270.04 
217.681 	 260.68 
218.136 	 307.49 
218.592 	 300.47 
219.047 	 351.96 
219.502 	 370.68 
219.957 	 305.15 
220.412 	 408.13 
220.867 	 286.42 
221.322 	 330.89 
221.777 	 288.76 
222.232 	 265.36 
222.687 	 260.68 
223.142 	 298.13 
223.596 	 274.72 
224.051 	 286.42 
224.506 	 302.81 
224.96 	 337.91 
225.415 	 258.34 
225.87 	 241.95 
226.324 	 358.98 
226.779 	 237.27 
227.233 	 314.51 
227.688 	 241.95 
228.142 	 319.19 
228.597 	 251.32 
229.051 	 312.17 
229.505 	 368.34 
229.959 	 230.25 
230.414 	 459.62 
230.868 	 253.66 
231.322 	 251.32 
231.776 	 218.55 
232.23 	 232.59 
232.684 	 417.49 
233.138 	 281.74 
233.592 	 253.66 
234.046 	 302.81 
234.5 	 295.79 
234.954 	 312.17 
235.408 	 206.84 
235.861 	 323.87 
236.315 	 246.63 
236.769 	 335.57 
237.222 	 340.26 
237.676 	 314.51 
238.13 	 190.46 
238.583 	 312.17 
239.037 	 333.23 
239.49 	 256.0 
239.944 	 302.81 
240.397 	 256.0 
240.85 	 340.26 
241.304 	 377.7 
241.757 	 321.53 
242.21 	 344.94 
242.663 	 246.63 
243.117 	 358.98 
243.57 	 326.21 
244.023 	 298.13 
244.476 	 305.15 
244.929 	 293.44 
245.382 	 358.98 
245.835 	 328.55 
246.288 	 337.91 
246.741 	 401.11 
247.193 	 344.94 
247.646 	 288.76 
248.099 	 445.58 
248.552 	 337.91 
249.004 	 272.38 
249.457 	 263.02 
249.909 	 384.73 
250.362 	 270.04 
250.814 	 366.0 
251.267 	 300.47 
251.719 	 328.55 
252.172 	 361.32 
252.624 	 291.1 
253.076 	 225.57 
253.529 	 291.1 
253.981 	 333.23 
254.433 	 270.04 
254.885 	 295.79 
255.337 	 258.34 
255.79 	 361.32 
256.242 	 349.62 
256.694 	 333.23 
257.146 	 260.68 
257.598 	 335.57 
258.049 	 340.26 
258.501 	 382.39 
258.953 	 288.76 
259.405 	 314.51 
259.857 	 394.09 
260.308 	 354.3 
260.76 	 281.74 
261.212 	 300.47 
261.663 	 260.68 
262.115 	 408.13 
262.566 	 328.55 
263.018 	 300.47 
263.469 	 333.23 
263.92 	 351.96 
264.372 	 373.02 
264.823 	 370.68 
265.274 	 309.83 
265.726 	 330.89 
266.177 	 419.83 
266.628 	 440.9 
267.079 	 321.53 
267.53 	 248.97 
267.981 	 279.4 
268.432 	 375.36 
268.883 	 272.38 
269.334 	 288.76 
269.785 	 382.39 
270.236 	 263.02 
270.687 	 258.34 
271.137 	 309.83 
271.588 	 337.91 
272.039 	 248.97 
272.489 	 366.0 
272.94 	 382.39 
273.391 	 337.91 
273.841 	 258.34 
274.292 	 354.3 
274.742 	 300.47 
275.192 	 361.32 
275.643 	 258.34 
276.093 	 330.89 
276.543 	 366.0 
276.994 	 431.54 
277.444 	 330.89 
277.894 	 270.04 
278.344 	 256.0 
278.794 	 361.32 
279.244 	 403.45 
279.694 	 279.4 
280.144 	 291.1 
280.594 	 368.34 
281.044 	 270.04 
281.494 	 300.47 
281.944 	 188.12 
282.394 	 300.47 
282.843 	 344.94 
283.293 	 295.79 
283.743 	 286.42 
284.192 	 291.1 
284.642 	 272.38 
285.091 	 384.73 
285.541 	 274.72 
285.99 	 284.08 
286.44 	 314.51 
286.889 	 351.96 
287.338 	 300.47 
287.788 	 410.47 
288.237 	 340.26 
288.686 	 391.75 
289.135 	 382.39 
289.584 	 342.6 
290.034 	 361.32 
290.483 	 461.96 
290.932 	 319.19 
291.381 	 347.28 
291.83 	 312.17 
292.278 	 270.04 
292.727 	 354.3 
293.176 	 417.49 
293.625 	 333.23 
294.074 	 335.57 
294.522 	 305.15 
294.971 	 305.15 
295.42 	 246.63 
295.868 	 340.26 
296.317 	 351.96 
296.765 	 298.13 
297.214 	 265.36 
297.662 	 396.43 
298.11 	 335.57 
298.559 	 335.57 
299.007 	 646.87 
299.455 	 363.66 
299.903 	 340.26 
300.352 	 202.16 
300.8 	 267.7 
301.248 	 333.23 
301.696 	 356.64 
302.144 	 260.68 
302.592 	 316.85 
303.04 	 298.13 
303.488 	 368.34 
303.936 	 328.55 
304.383 	 300.47 
304.831 	 394.09 
305.279 	 380.04 
305.727 	 354.3 
306.174 	 412.81 
306.622 	 295.79 
307.069 	 394.09 
307.517 	 326.21 
307.964 	 328.55 
308.412 	 323.87 
308.859 	 405.79 
309.306 	 234.93 
309.754 	 286.42 
310.201 	 342.6 
310.648 	 321.53 
311.096 	 260.68 
311.543 	 370.68 
311.99 	 284.08 
312.437 	 293.44 
312.884 	 270.04 
313.331 	 370.68 
313.778 	 391.75 
314.225 	 354.3 
314.672 	 312.17 
315.118 	 323.87 
315.565 	 344.94 
316.012 	 281.74 
316.459 	 356.64 
316.905 	 213.87 
317.352 	 270.04 
317.798 	 389.41 
318.245 	 370.68 
318.691 	 351.96 
319.138 	 515.8 
319.584 	 693.68 
320.031 	 738.15 
320.477 	 827.09 
320.923 	 527.5 
321.37 	 581.33 
321.816 	 459.62 
322.262 	 342.6 
322.708 	 284.08 
323.154 	 391.75 
323.6 	 370.68 
324.046 	 234.93 
324.492 	 298.13 
324.938 	 302.81 
325.384 	 291.1 
325.83 	 330.89 
326.276 	 342.6 
326.721 	 384.73 
327.167 	 335.57 
327.613 	 323.87 
328.058 	 349.62 
328.504 	 246.63 
328.949 	 333.23 
329.395 	 370.68 
329.84 	 405.79 
330.286 	 284.08 
330.731 	 349.62 
331.177 	 401.11 
331.622 	 321.53 
332.067 	 307.49 
332.512 	 340.26 
332.957 	 354.3 
333.403 	 384.73 
333.848 	 293.44 
334.293 	 234.93 
334.738 	 288.76 
335.183 	 281.74 
335.628 	 305.15 
336.072 	 354.3 
336.517 	 347.28 
336.962 	 370.68 
337.407 	 319.19 
337.852 	 312.17 
338.296 	 314.51 
338.741 	 337.91 
339.185 	 344.94 
339.63 	 244.29 
340.074 	 354.3 
340.519 	 288.76 
340.963 	 192.8 
341.408 	 356.64 
341.852 	 211.53 
342.296 	 323.87 
342.741 	 323.87 
343.185 	 344.94 
343.629 	 366.0 
344.073 	 354.3 
344.517 	 288.76 
344.961 	 256.0 
345.405 	 286.42 
345.849 	 263.02 
346.293 	 394.09 
346.737 	 272.38 
347.181 	 419.83 
347.624 	 433.88 
348.068 	 366.0 
348.512 	 412.81 
348.955 	 295.79 
349.399 	 351.96 
349.843 	 363.66 
350.286 	 300.47 
350.73 	 380.04 
351.173 	 270.04 
351.617 	 387.07 
352.06 	 319.19 
352.503 	 305.15 
352.946 	 265.36 
353.39 	 305.15 
353.833 	 349.62 
354.276 	 309.83 
354.719 	 358.98 
355.162 	 256.0 
355.605 	 307.49 
356.048 	 246.63 
356.491 	 408.13 
356.934 	 316.85 
357.377 	 349.62 
357.82 	 328.55 
358.262 	 391.75 
358.705 	 382.39 
359.148 	 370.68 
359.59 	 298.13 
360.033 	 445.58 
360.475 	 337.91 
360.918 	 309.83 
361.36 	 377.7 
361.803 	 342.6 
362.245 	 265.36 
362.688 	 412.81 
363.13 	 426.86 
363.572 	 382.39 
364.014 	 387.07 
364.456 	 391.75 
364.899 	 440.9 
365.341 	 335.57 
365.783 	 328.55 
366.225 	 344.94 
366.667 	 300.47 
367.108 	 384.73 
367.55 	 408.13 
367.992 	 291.1 
368.434 	 342.6 
368.876 	 305.15 
369.317 	 375.36 
369.759 	 330.89 
370.201 	 333.23 
370.642 	 363.66 
371.084 	 419.83 
371.525 	 295.79 
371.966 	 321.53 
372.408 	 358.98 
372.849 	 300.47 
373.29 	 380.04 
373.732 	 330.89 
374.173 	 358.98 
374.614 	 307.49 
375.055 	 323.87 
375.496 	 344.94 
375.937 	 344.94 
376.378 	 270.04 
376.819 	 403.45 
377.26 	 377.7 
377.701 	 440.9 
378.142 	 408.13 
378.583 	 412.81 
379.023 	 422.17 
379.464 	 447.92 
379.905 	 366.0 
380.345 	 298.13 
380.786 	 333.23 
381.226 	 347.28 
381.667 	 370.68 
382.107 	 351.96 
382.548 	 445.58 
382.988 	 532.18 
383.428 	 478.35 
383.868 	 424.51 
384.309 	 377.7 
384.749 	 335.57 
385.189 	 380.04 
385.629 	 394.09 
386.069 	 424.51 
386.509 	 316.85 
386.949 	 398.77 
387.389 	 401.11 
387.829 	 454.94 
388.268 	 742.83 
388.708 	 1845.22 
389.148 	 8391.7 
389.588 	 12864.46 
390.027 	 13948.13 
390.467 	 10404.56 
390.906 	 5955.2 
391.346 	 3485.94 
391.785 	 2266.52 
392.225 	 1503.5 
392.664 	 808.36 
393.103 	 473.67 
393.543 	 373.02 
393.982 	 408.13 
394.421 	 419.83 
394.86 	 391.75 
395.299 	 405.79 
395.738 	 370.68 
396.177 	 368.34 
396.616 	 529.84 
397.055 	 576.65 
397.494 	 583.67 
397.933 	 644.53 
398.372 	 569.63 
398.81 	 494.73 
399.249 	 471.33 
399.688 	 373.02 
400.126 	 366.0 
400.565 	 300.47 
401.004 	 380.04 
401.442 	 349.62 
401.88 	 398.77 
402.319 	 394.09 
402.757 	 717.08 
403.195 	 808.36 
403.634 	 944.11 
404.072 	 939.43 
404.51 	 703.04 
404.948 	 513.46 
405.386 	 490.05 
405.824 	 445.58 
406.262 	 419.83 
406.7 	 356.64 
407.138 	 272.38 
407.576 	 349.62 
408.014 	 396.43 
408.452 	 417.49 
408.889 	 380.04 
409.327 	 328.55 
409.765 	 298.13 
410.202 	 302.81 
410.64 	 415.15 
411.077 	 340.26 
411.515 	 361.32 
411.952 	 370.68 
412.389 	 476.01 
412.827 	 447.92 
413.264 	 560.27 
413.701 	 476.01 
414.138 	 471.33 
414.575 	 403.45 
415.013 	 459.62 
415.45 	 454.94 
415.887 	 366.0 
416.324 	 433.88 
416.76 	 351.96 
417.197 	 389.41 
417.634 	 405.79 
418.071 	 445.58 
418.508 	 335.57 
418.944 	 387.07 
419.381 	 387.07 
419.818 	 447.92 
420.254 	 480.69 
420.691 	 380.04 
421.127 	 363.66 
421.563 	 429.2 
422.0 	 389.41 
422.436 	 330.89 
422.872 	 396.43 
423.309 	 487.71 
423.745 	 398.77 
424.181 	 363.66 
424.617 	 373.02 
425.053 	 391.75 
425.489 	 440.9 
425.925 	 358.98 
426.361 	 337.91 
426.797 	 454.94 
427.233 	 356.64 
427.668 	 356.64 
428.104 	 340.26 
428.54 	 450.26 
428.975 	 419.83 
429.411 	 309.83 
429.847 	 431.54 
430.282 	 457.28 
430.717 	 440.9 
431.153 	 314.51 
431.588 	 422.17 
432.024 	 436.22 
432.459 	 417.49 
432.894 	 417.49 
433.329 	 335.57 
433.764 	 389.41 
434.199 	 429.2 
434.634 	 424.51 
435.069 	 391.75 
435.504 	 426.86 
435.939 	 401.11 
436.374 	 464.3 
436.809 	 387.07 
437.244 	 375.36 
437.678 	 335.57 
438.113 	 347.28 
438.548 	 419.83 
438.982 	 546.22 
439.417 	 525.16 
439.851 	 600.05 
440.286 	 450.26 
440.72 	 483.03 
441.154 	 429.2 
441.589 	 464.3 
442.023 	 459.62 
442.457 	 436.22 
442.891 	 312.17 
443.326 	 366.0 
443.76 	 433.88 
444.194 	 445.58 
444.628 	 461.96 
445.062 	 443.24 
445.495 	 417.49 
445.929 	 508.77 
446.363 	 522.82 
446.797 	 644.53 
447.23 	 1969.27 
447.664 	 3682.54 
448.098 	 4511.09 
448.531 	 4443.21 
448.965 	 2959.31 
449.398 	 1880.33 
449.832 	 1285.83 
450.265 	 857.51 
450.698 	 597.71 
451.132 	 464.3 
451.565 	 370.68 
451.998 	 433.88 
452.431 	 513.46 
452.864 	 403.45 
453.297 	 476.01 
453.73 	 382.39 
454.163 	 405.79 
454.596 	 347.28 
455.029 	 347.28 
455.462 	 384.73 
455.895 	 436.22 
456.327 	 452.6 
456.76 	 515.8 
457.193 	 436.22 
457.625 	 375.36 
458.058 	 373.02 
458.49 	 405.79 
458.923 	 375.36 
459.355 	 391.75 
459.787 	 473.67 
460.22 	 422.17 
460.652 	 429.2 
461.084 	 384.73 
461.516 	 464.3 
461.948 	 405.79 
462.381 	 473.67 
462.813 	 426.86 
463.245 	 468.98 
463.676 	 471.33 
464.108 	 438.56 
464.54 	 419.83 
464.972 	 443.24 
465.404 	 426.86 
465.835 	 415.15 
466.267 	 440.9 
466.699 	 403.45 
467.13 	 368.34 
467.562 	 401.11 
467.993 	 466.64 
468.424 	 366.0 
468.856 	 440.9 
469.287 	 410.47 
469.718 	 543.88 
470.15 	 431.54 
470.581 	 426.86 
471.012 	 473.67 
471.443 	 951.14 
471.874 	 1232.0 
472.305 	 1405.2 
472.736 	 1510.52 
473.167 	 1075.18 
473.598 	 780.28 
474.028 	 700.7 
474.459 	 468.98 
474.89 	 480.69 
475.32 	 454.94 
475.751 	 499.41 
476.182 	 520.48 
476.612 	 525.16 
477.043 	 494.73 
477.473 	 401.11 
477.903 	 574.31 
478.334 	 513.46 
478.764 	 459.62 
479.194 	 468.98 
479.624 	 487.71 
480.054 	 508.77 
480.484 	 473.67 
480.914 	 426.86 
481.344 	 450.26 
481.774 	 548.56 
482.204 	 429.2 
482.634 	 508.77 
483.064 	 546.22 
483.494 	 445.58 
483.923 	 391.75 
484.353 	 403.45 
484.782 	 480.69 
485.212 	 443.24 
485.642 	 447.92 
486.071 	 557.93 
486.5 	 529.84 
486.93 	 471.33 
487.359 	 583.67 
487.788 	 478.35 
488.217 	 485.37 
488.647 	 630.48 
489.076 	 532.18 
489.505 	 536.86 
489.934 	 557.93 
490.363 	 454.94 
490.792 	 593.03 
491.221 	 562.61 
491.649 	 508.77 
492.078 	 827.09 
492.507 	 1777.34 
492.936 	 2465.46 
493.364 	 2608.23 
493.793 	 2428.01 
494.221 	 1580.74 
494.65 	 1147.74 
495.078 	 962.84 
495.507 	 775.6 
495.935 	 532.18 
496.363 	 614.1 
496.791 	 522.82 
497.22 	 586.01 
497.648 	 511.11 
498.076 	 600.05 
498.504 	 513.46 
498.932 	 604.74 
499.36 	 485.37 
499.788 	 527.5 
500.216 	 525.16 
500.643 	 501.75 
501.071 	 541.54 
501.499 	 1854.58 
501.927 	 5821.79 
502.354 	 8239.56 
502.782 	 9023.64 
503.209 	 7083.34 
503.637 	 4508.75 
504.064 	 2678.45 
504.491 	 1868.63 
504.919 	 1405.2 
505.346 	 1126.68 
505.773 	 1004.97 
506.2 	 1021.35 
506.628 	 752.19 
507.055 	 693.68 
507.482 	 672.61 
507.909 	 658.57 
508.335 	 618.78 
508.762 	 588.35 
509.189 	 548.56 
509.616 	 501.75 
510.043 	 602.4 
510.469 	 539.2 
510.896 	 515.8 
511.323 	 490.05 
511.749 	 504.09 
512.176 	 476.01 
512.602 	 527.5 
513.028 	 548.56 
513.455 	 532.18 
513.881 	 525.16 
514.307 	 492.39 
514.733 	 546.22 
515.16 	 541.54 
515.586 	 553.24 
516.012 	 468.98 
516.438 	 536.86 
516.864 	 494.73 
517.29 	 506.43 
517.715 	 478.35 
518.141 	 497.07 
518.567 	 560.27 
518.993 	 529.84 
519.418 	 511.11 
519.844 	 506.43 
520.269 	 529.84 
520.695 	 497.07 
521.12 	 471.33 
521.546 	 438.56 
521.971 	 515.8 
522.396 	 546.22 
522.822 	 525.16 
523.247 	 536.86 
523.672 	 534.52 
524.097 	 473.67 
524.522 	 485.37 
524.947 	 539.2 
525.372 	 499.41 
525.797 	 604.74 
526.222 	 513.46 
526.647 	 600.05 
527.071 	 555.58 
527.496 	 466.64 
527.921 	 485.37 
528.345 	 557.93 
528.77 	 632.82 
529.194 	 597.71 
529.619 	 581.33 
530.043 	 586.01 
530.468 	 518.14 
530.892 	 480.69 
531.316 	 431.54 
531.74 	 553.24 
532.164 	 447.92 
532.589 	 564.95 
533.013 	 499.41 
533.437 	 539.2 
533.861 	 520.48 
534.284 	 445.58 
534.708 	 485.37 
535.132 	 602.4 
535.556 	 471.33 
535.98 	 583.67 
536.403 	 541.54 
536.827 	 459.62 
537.25 	 466.64 
537.674 	 485.37 
538.097 	 480.69 
538.521 	 506.43 
538.944 	 454.94 
539.367 	 543.88 
539.791 	 426.86 
540.214 	 546.22 
540.637 	 520.48 
541.06 	 536.86 
541.483 	 529.84 
541.906 	 508.77 
542.329 	 443.24 
542.752 	 480.69 
543.175 	 429.2 
543.598 	 588.35 
544.02 	 555.58 
544.443 	 532.18 
544.866 	 476.01 
545.288 	 483.03 
545.711 	 464.3 
546.133 	 583.67 
546.556 	 464.3 
546.978 	 562.61 
547.4 	 546.22 
547.823 	 504.09 
548.245 	 480.69 
548.667 	 480.69 
549.089 	 548.56 
549.511 	 522.82 
549.933 	 539.2 
550.355 	 457.28 
550.777 	 560.27 
551.199 	 494.73 
551.621 	 478.35 
552.043 	 476.01 
552.465 	 586.01 
552.886 	 548.56 
553.308 	 468.98 
553.729 	 497.07 
554.151 	 581.33 
554.572 	 485.37 
554.994 	 564.95 
555.415 	 614.1 
555.837 	 450.26 
556.258 	 520.48 
556.679 	 553.24 
557.1 	 546.22 
557.521 	 471.33 
557.942 	 562.61 
558.363 	 508.77 
558.784 	 604.74 
559.205 	 504.09 
559.626 	 508.77 
560.047 	 478.35 
560.468 	 461.96 
560.888 	 476.01 
561.309 	 422.17 
561.73 	 536.86 
562.15 	 483.03 
562.571 	 447.92 
562.991 	 567.29 
563.412 	 483.03 
563.832 	 541.54 
564.252 	 527.5 
564.673 	 595.37 
565.093 	 522.82 
565.513 	 494.73 
565.933 	 529.84 
566.353 	 433.88 
566.773 	 541.54 
567.193 	 506.43 
567.613 	 562.61 
568.033 	 494.73 
568.452 	 447.92 
568.872 	 525.16 
569.292 	 520.48 
569.711 	 614.1 
570.131 	 567.29 
570.551 	 478.35 
570.97 	 487.71 
571.389 	 555.58 
571.809 	 513.46 
572.228 	 485.37 
572.647 	 487.71 
573.067 	 440.9 
573.486 	 513.46 
573.905 	 600.05 
574.324 	 440.9 
574.743 	 436.22 
575.162 	 459.62 
575.581 	 548.56 
576.0 	 562.61 
576.419 	 445.58 
576.837 	 527.5 
577.256 	 534.52 
577.675 	 616.44 
578.093 	 450.26 
578.512 	 499.41 
578.93 	 415.15 
579.349 	 501.75 
579.767 	 473.67 
580.185 	 483.03 
580.604 	 541.54 
581.022 	 550.9 
581.44 	 541.54 
581.858 	 499.41 
582.276 	 494.73 
582.694 	 581.33 
583.112 	 553.24 
583.53 	 515.8 
583.948 	 564.95 
584.366 	 571.97 
584.784 	 614.1 
585.201 	 614.1 
585.619 	 679.63 
586.037 	 672.61 
586.454 	 656.23 
586.872 	 930.07 
587.289 	 2128.42 
587.707 	 22285.12 
588.124 	 39569.97 
588.541 	 47162.67 
588.958 	 50891.15 
589.376 	 35565.32 
589.793 	 24475.86 
590.21 	 16143.55 
590.627 	 10273.49 
591.044 	 5931.8 
591.461 	 2893.78 
591.878 	 1496.48 
592.294 	 986.24 
592.711 	 794.32 
593.128 	 696.02 
593.545 	 712.4 
593.961 	 595.37 
594.378 	 635.16 
594.794 	 586.01 
595.211 	 536.86 
595.627 	 586.01 
596.043 	 625.8 
596.46 	 492.39 
596.876 	 499.41 
597.292 	 485.37 
597.708 	 541.54 
598.124 	 576.65 
598.54 	 649.21 
598.956 	 532.18 
599.372 	 464.3 
599.788 	 492.39 
600.204 	 438.56 
600.62 	 527.5 
601.035 	 501.75 
601.451 	 476.01 
601.867 	 541.54 
602.282 	 529.84 
602.698 	 499.41 
603.113 	 471.33 
603.529 	 511.11 
603.944 	 539.2 
604.359 	 438.56 
604.774 	 471.33 
605.19 	 536.86 
605.605 	 476.01 
606.02 	 522.82 
606.435 	 525.16 
606.85 	 499.41 
607.265 	 447.92 
607.68 	 426.86 
608.094 	 468.98 
608.509 	 534.52 
608.924 	 513.46 
609.338 	 515.8 
609.753 	 457.28 
610.168 	 403.45 
610.582 	 440.9 
610.997 	 445.58 
611.411 	 440.9 
611.825 	 595.37 
612.24 	 417.49 
612.654 	 487.71 
613.068 	 541.54 
613.482 	 464.3 
613.896 	 485.37 
614.31 	 447.92 
614.724 	 422.17 
615.138 	 698.36 
615.552 	 452.6 
615.966 	 445.58 
616.379 	 459.62 
616.793 	 342.6 
617.207 	 490.05 
617.62 	 438.56 
618.034 	 452.6 
618.447 	 422.17 
618.861 	 457.28 
619.274 	 335.57 
619.687 	 515.8 
620.101 	 424.51 
620.514 	 403.45 
620.927 	 426.86 
621.34 	 2538.02 
621.753 	 450.26 
622.166 	 415.15 
622.579 	 431.54 
622.992 	 476.01 
623.405 	 478.35 
623.817 	 473.67 
624.23 	 377.7 
624.643 	 408.13 
625.055 	 492.39 
625.468 	 408.13 
625.88 	 476.01 
626.293 	 476.01 
626.705 	 419.83 
627.118 	 401.11 
627.53 	 415.15 
627.942 	 553.24 
628.354 	 492.39 
628.766 	 394.09 
629.179 	 370.68 
629.591 	 466.64 
630.003 	 445.58 
630.414 	 433.88 
630.826 	 356.64 
631.238 	 382.39 
631.65 	 459.62 
632.061 	 391.75 
632.473 	 368.34 
632.885 	 595.37 
633.296 	 370.68 
633.708 	 370.68 
634.119 	 440.9 
634.53 	 438.56 
634.942 	 490.05 
635.353 	 405.79 
635.764 	 471.33 
636.175 	 459.62 
636.586 	 483.03 
636.998 	 429.2 
637.408 	 490.05 
637.819 	 433.88 
638.23 	 351.96 
638.641 	 461.96 
639.052 	 408.13 
639.463 	 419.83 
639.873 	 494.73 
640.284 	 536.86 
640.694 	 461.96 
641.105 	 429.2 
641.515 	 426.86 
641.926 	 501.75 
642.336 	 396.43 
642.746 	 419.83 
643.157 	 604.74 
643.567 	 340.26 
643.977 	 438.56 
644.387 	 480.69 
644.797 	 426.86 
645.207 	 396.43 
645.617 	 419.83 
646.026 	 361.32 
646.436 	 452.6 
646.846 	 391.75 
647.256 	 443.24 
647.665 	 375.36 
648.075 	 429.2 
648.484 	 415.15 
648.894 	 361.32 
649.303 	 447.92 
649.713 	 417.49 
650.122 	 440.9 
650.531 	 401.11 
650.94 	 466.64 
651.349 	 436.22 
651.758 	 387.07 
652.167 	 478.35 
652.576 	 412.81 
652.985 	 328.55 
653.394 	 382.39 
653.803 	 438.56 
654.212 	 380.04 
654.62 	 417.49 
655.029 	 319.19 
655.437 	 412.81 
655.846 	 328.55 
656.254 	 438.56 
656.663 	 330.89 
657.071 	 403.45 
657.479 	 394.09 
657.888 	 408.13 
658.296 	 412.81 
658.704 	 410.47 
659.112 	 380.04 
659.52 	 412.81 
659.928 	 368.34 
660.336 	 454.94 
660.744 	 539.2 
661.152 	 307.49 
661.559 	 389.41 
661.967 	 527.5 
662.375 	 391.75 
662.782 	 344.94 
663.19 	 408.13 
663.597 	 508.77 
664.005 	 419.83 
664.412 	 454.94 
664.819 	 529.84 
665.226 	 391.75 
665.634 	 405.79 
666.041 	 515.8 
666.448 	 476.01 
666.855 	 429.2 
667.262 	 590.69 
667.669 	 2751.01 
668.075 	 8642.14 
668.482 	 10814.15 
668.889 	 13196.82 
669.296 	 12695.94 
669.702 	 8422.13 
670.109 	 6278.19 
670.515 	 4906.64 
670.922 	 3743.39 
671.328 	 2725.26 
671.734 	 1763.3 
672.141 	 1037.74 
672.547 	 642.18 
672.953 	 618.78 
673.359 	 497.07 
673.765 	 447.92 
674.171 	 412.81 
674.577 	 466.64 
674.983 	 417.49 
675.389 	 300.47 
675.795 	 398.77 
676.201 	 412.81 
676.606 	 328.55 
677.012 	 382.39 
677.417 	 366.0 
677.823 	 546.22 
678.228 	 347.28 
678.634 	 454.94 
679.039 	 440.9 
679.444 	 431.54 
679.849 	 415.15 
680.255 	 370.68 
680.66 	 461.96 
681.065 	 525.16 
681.47 	 342.6 
681.875 	 387.07 
682.28 	 363.66 
682.684 	 358.98 
683.089 	 394.09 
683.494 	 438.56 
683.899 	 330.89 
684.303 	 487.71 
684.708 	 433.88 
685.112 	 361.32 
685.517 	 440.9 
685.921 	 415.15 
686.325 	 412.81 
686.729 	 443.24 
687.134 	 373.02 
687.538 	 370.68 
687.942 	 415.15 
688.346 	 375.36 
688.75 	 382.39 
689.154 	 370.68 
689.558 	 368.34 
689.961 	 340.26 
690.365 	 366.0 
690.769 	 347.28 
691.173 	 326.21 
691.576 	 401.11 
691.98 	 293.44 
692.383 	 319.19 
692.786 	 487.71 
693.19 	 403.45 
693.593 	 417.49 
693.996 	 307.49 
694.399 	 384.73 
694.803 	 459.62 
695.206 	 398.77 
695.609 	 415.15 
696.012 	 370.68 
696.414 	 295.79 
696.817 	 309.83 
697.22 	 447.92 
697.623 	 377.7 
698.025 	 363.66 
698.428 	 424.51 
698.831 	 539.2 
699.233 	 389.41 
699.636 	 312.17 
700.038 	 333.23 
700.44 	 344.94 
700.842 	 424.51 
701.245 	 447.92 
701.647 	 298.13 
702.049 	 387.07 
702.451 	 361.32 
702.853 	 391.75 
703.255 	 366.0 
703.657 	 370.68 
704.058 	 358.98 
704.46 	 387.07 
704.862 	 436.22 
705.264 	 422.17 
705.665 	 527.5 
706.067 	 742.83 
706.468 	 3893.19 
706.869 	 6963.97 
707.271 	 8796.61 
707.672 	 10399.88 
708.073 	 8719.37 
708.474 	 6067.55 
708.876 	 4635.14 
709.277 	 3588.92 
709.678 	 2865.69 
710.079 	 2203.32 
710.479 	 1601.8 
710.88 	 1152.42 
711.281 	 667.93 
711.682 	 506.43 
712.082 	 490.05 
712.483 	 468.98 
712.883 	 445.58 
713.284 	 424.51 
713.684 	 412.81 
714.085 	 415.15 
714.485 	 347.28 
714.885 	 419.83 
715.285 	 485.37 
715.686 	 445.58 
716.086 	 316.85 
716.486 	 478.35 
716.886 	 473.67 
717.285 	 351.96 
717.685 	 410.47 
718.085 	 412.81 
718.485 	 403.45 
718.884 	 349.62 
719.284 	 349.62 
719.684 	 403.45 
720.083 	 309.83 
720.483 	 366.0 
720.882 	 349.62 
721.281 	 274.72 
721.68 	 323.87 
722.08 	 366.0 
722.479 	 356.64 
722.878 	 344.94 
723.277 	 321.53 
723.676 	 391.75 
724.075 	 408.13 
724.474 	 398.77 
724.872 	 337.91 
725.271 	 335.57 
725.67 	 328.55 
726.068 	 387.07 
726.467 	 335.57 
726.865 	 286.42 
727.264 	 445.58 
727.662 	 398.77 
728.061 	 1014.33 
728.459 	 1554.99 
728.857 	 1810.11 
729.255 	 2184.6 
729.653 	 1753.94 
730.051 	 1370.09 
730.449 	 1175.83 
730.847 	 911.35 
731.245 	 817.72 
731.643 	 733.47 
732.041 	 621.12 
732.438 	 522.82 
732.836 	 424.51 
733.233 	 373.02 
733.631 	 307.49 
734.028 	 536.86 
734.426 	 323.87 
734.823 	 387.07 
735.22 	 319.19 
735.617 	 361.32 
736.015 	 354.3 
736.412 	 377.7 
736.809 	 316.85 
737.206 	 305.15 
737.603 	 419.83 
737.999 	 309.83 
738.396 	 349.62 
738.793 	 384.73 
739.19 	 316.85 
739.586 	 375.36 
739.983 	 347.28 
740.379 	 354.3 
740.776 	 300.47 
741.172 	 454.94 
741.568 	 319.19 
741.965 	 295.79 
742.361 	 422.17 
742.757 	 375.36 
743.153 	 368.34 
743.549 	 333.23 
743.945 	 396.43 
744.341 	 356.64 
744.737 	 333.23 
745.133 	 396.43 
745.528 	 312.17 
745.924 	 330.89 
746.32 	 380.04 
746.715 	 298.13 
747.111 	 373.02 
747.506 	 326.21 
747.901 	 307.49 
748.297 	 321.53 
748.692 	 384.73 
749.087 	 337.91 
749.482 	 319.19 
749.877 	 333.23 
750.272 	 419.83 
750.667 	 277.06 
751.062 	 277.06 
751.457 	 403.45 
751.852 	 363.66 
752.247 	 380.04 
752.641 	 330.89 
753.036 	 340.26 
753.43 	 375.36 
753.825 	 328.55 
754.219 	 218.55 
754.614 	 344.94 
755.008 	 354.3 
755.402 	 314.51 
755.796 	 305.15 
756.19 	 293.44 
756.584 	 478.35 
756.978 	 305.15 
757.372 	 288.76 
757.766 	 382.39 
758.16 	 265.36 
758.554 	 333.23 
758.948 	 354.3 
759.341 	 361.32 
759.735 	 356.64 
760.128 	 316.85 
760.522 	 405.79 
760.915 	 375.36 
761.308 	 377.7 
761.702 	 408.13 
762.095 	 426.86 
762.488 	 330.89 
762.881 	 309.83 
763.274 	 354.3 
763.667 	 344.94 
764.06 	 363.66 
764.453 	 302.81 
764.846 	 436.22 
765.239 	 333.23 
765.631 	 394.09 
766.024 	 286.42 
766.416 	 316.85 
766.809 	 326.21 
767.201 	 265.36 
767.594 	 412.81 
767.986 	 316.85 
768.378 	 342.6 
768.77 	 319.19 
769.163 	 401.11 
769.555 	 272.38 
769.947 	 445.58 
770.339 	 354.3 
770.73 	 398.77 
771.122 	 244.29 
771.514 	 351.96 
771.906 	 368.34 
772.297 	 333.23 
772.689 	 326.21 
773.081 	 314.51 
773.472 	 340.26 
773.863 	 293.44 
774.255 	 321.53 
774.646 	 356.64 
775.037 	 312.17 
775.428 	 326.21 
775.82 	 270.04 
776.211 	 298.13 
776.602 	 291.1 
776.993 	 270.04 
777.383 	 309.83 
777.774 	 337.91 
778.165 	 342.6 
778.556 	 305.15 
778.946 	 356.64 
779.337 	 398.77 
779.727 	 230.25 
780.118 	 284.08 
780.508 	 438.56 
780.898 	 333.23 
781.289 	 349.62 
781.679 	 326.21 
782.069 	 401.11 
782.459 	 286.42 
782.849 	 354.3 
783.239 	 396.43 
783.629 	 309.83 
784.019 	 314.51 
784.408 	 316.85 
784.798 	 295.79 
785.188 	 363.66 
785.577 	 440.9 
785.967 	 344.94 
786.356 	 347.28 
786.746 	 340.26 
787.135 	 342.6 
787.524 	 328.55 
787.914 	 366.0 
788.303 	 366.0 
788.692 	 358.98 
789.081 	 321.53 
789.47 	 375.36 
789.859 	 366.0 
790.248 	 319.19 
790.636 	 546.22 
791.025 	 288.76 
791.414 	 263.02 
791.802 	 417.49 
792.191 	 305.15 
792.579 	 387.07 
792.968 	 342.6 
793.356 	 333.23 
793.744 	 293.44 
794.133 	 382.39 
794.521 	 321.53 
794.909 	 373.02 
795.297 	 293.44 
795.685 	 321.53 
796.073 	 319.19 
796.461 	 302.81 
796.848 	 370.68 
797.236 	 330.89 
797.624 	 312.17 
798.011 	 422.17 
798.399 	 284.08 
798.787 	 368.34 
799.174 	 349.62 
799.561 	 344.94 
799.949 	 347.28 
800.336 	 288.76 
800.723 	 284.08 
801.11 	 387.07 
801.497 	 375.36 
801.884 	 291.1 
802.271 	 337.91 
802.658 	 330.89 
803.045 	 279.4 
803.432 	 398.77 
803.818 	 305.15 
804.205 	 422.17 
804.591 	 316.85 
804.978 	 337.91 
805.364 	 391.75 
805.751 	 340.26 
806.137 	 281.74 
806.523 	 305.15 
806.91 	 356.64 
807.296 	 384.73 
807.682 	 340.26 
808.068 	 361.32 
808.454 	 321.53 
808.84 	 277.06 
809.225 	 370.68 
809.611 	 274.72 
809.997 	 270.04 
810.382 	 293.44 
810.768 	 312.17 
811.153 	 340.26 
811.539 	 326.21 
811.924 	 277.06 
812.31 	 344.94 
812.695 	 419.83 
813.08 	 321.53 
813.465 	 389.41 
813.85 	 373.02 
814.235 	 295.79 
814.62 	 300.47 
815.005 	 284.08 
815.39 	 312.17 
815.775 	 300.47 
816.159 	 270.04 
816.544 	 314.51 
816.929 	 293.44 
817.313 	 363.66 
817.697 	 309.83 
818.082 	 319.19 
818.466 	 284.08 
818.85 	 363.66 
819.235 	 450.26 
819.619 	 370.68 
820.003 	 426.86 
820.387 	 232.59 
820.771 	 351.96 
821.155 	 328.55 
821.538 	 373.02 
821.922 	 256.0 
822.306 	 300.47 
822.689 	 382.39 
823.073 	 295.79 
823.457 	 501.75 
823.84 	 251.32 
824.223 	 291.1 
824.607 	 342.6 
824.99 	 419.83 
825.373 	 349.62 
825.756 	 216.21 
826.139 	 361.32 
826.522 	 330.89 
826.905 	 370.68 
827.288 	 410.47 
827.671 	 366.0 
828.054 	 307.49 
828.436 	 265.36 
828.819 	 373.02 
829.201 	 356.64 
829.584 	 286.42 
829.966 	 609.42 
830.349 	 326.21 
830.731 	 337.91 
831.113 	 328.55 
831.495 	 344.94 
831.878 	 239.61 
832.26 	 319.19 
832.642 	 380.04 
833.024 	 375.36 
833.405 	 468.98 
833.787 	 312.17 
834.169 	 277.06 
834.551 	 377.7 
834.932 	 347.28 
835.314 	 370.68 
835.695 	 293.44 
836.077 	 490.05 
836.458 	 396.43 
836.839 	 202.16 
837.22 	 401.11 
837.602 	 354.3 
837.983 	 373.02 
838.364 	 363.66 
838.745 	 354.3 
839.126 	 342.6 
839.506 	 225.57 
839.887 	 347.28 
840.268 	 267.7 
840.649 	 459.62 
841.029 	 377.7 
841.41 	 380.04 
841.79 	 356.64 
842.171 	 391.75 
842.551 	 295.79 
842.931 	 293.44 
843.311 	 349.62 
843.691 	 366.0 
844.072 	 356.64 
844.452 	 312.17 
844.832 	 298.13 
845.211 	 354.3 
845.591 	 342.6 
845.971 	 351.96 
846.351 	 349.62 
846.73 	 356.64 
847.11 	 319.19 
847.489 	 340.26 
847.869 	 316.85 
848.248 	 363.66 
848.627 	 403.45 
849.007 	 234.93 
849.386 	 284.08 
849.765 	 450.26 
850.144 	 309.83 
850.523 	 351.96 
850.902 	 281.74 
851.281 	 330.89 
851.66 	 323.87 
852.038 	 286.42 
852.417 	 312.17 
852.796 	 337.91 
853.174 	 335.57 
853.553 	 401.11 
853.931 	 335.57 
854.309 	 387.07 
854.688 	 286.42 
855.066 	 342.6 
855.444 	 295.79 
855.822 	 319.19 
856.2 	 279.4 
856.578 	 307.49 
856.956 	 368.34 
857.334 	 354.3 
857.712 	 258.34 
858.089 	 384.73 
858.467 	 291.1 
858.844 	 354.3 
859.222 	 291.1 
859.599 	 302.81 
859.977 	 337.91 
860.354 	 305.15 
860.731 	 394.09 
861.109 	 323.87 
861.486 	 340.26 
861.863 	 267.7 
862.24 	 485.37 
862.617 	 277.06 
862.993 	 312.17 
863.37 	 368.34 
863.747 	 382.39 
864.124 	 267.7 
864.5 	 321.53 
864.877 	 227.91 
865.253 	 340.26 
865.63 	 319.19 
866.006 	 424.51 
866.382 	 349.62 
866.758 	 391.75 
867.135 	 330.89 
867.511 	 300.47 
867.887 	 349.62 
868.263 	 288.76 
868.639 	 305.15 
869.014 	 340.26 
869.39 	 323.87 
869.766 	 363.66 
870.141 	 342.6 
870.517 	 321.53 
870.892 	 232.59 
871.268 	 494.73 
871.643 	 351.96 
872.019 	 265.36 
872.394 	 298.13 
872.769 	 291.1 
873.144 	 314.51 
873.519 	 354.3 
873.894 	 312.17 
874.269 	 319.19 
874.644 	 394.09 
875.019 	 429.2 
875.393 	 337.91 
875.768 	 274.72 
876.143 	 370.68 
876.517 	 305.15 
876.891 	 323.87 
877.266 	 309.83 
877.64 	 302.81 
878.014 	 349.62 
878.389 	 354.3 
878.763 	 335.57 
879.137 	 337.91 
879.511 	 284.08 
879.885 	 410.47 
880.259 	 361.32 
880.632 	 272.38 
881.006 	 398.77 
881.38 	 298.13 
881.753 	 328.55 
882.127 	 349.62 
882.5 	 389.41 
882.874 	 373.02 
883.247 	 295.79 
883.62 	 478.35 
883.994 	 321.53 
884.367 	 340.26 
884.74 	 511.11 
885.113 	 363.66 
885.486 	 305.15 
885.859 	 288.76 
886.231 	 316.85 
886.604 	 279.4 
886.977 	 492.39 
887.349 	 265.36 
887.722 	 333.23 
888.094 	 272.38 
888.467 	 305.15 
888.839 	 284.08 
889.211 	 368.34 
889.584 	 330.89 
889.956 	 347.28 
890.328 	 344.94 
890.7 	 377.7 
891.072 	 298.13 
891.444 	 344.94 
891.816 	 277.06 
892.187 	 323.87 
892.559 	 232.59 
892.931 	 305.15 
893.302 	 277.06 
893.674 	 354.3 
894.045 	 387.07 
894.416 	 347.28 
894.788 	 330.89 
895.159 	 274.72 
895.53 	 258.34 
895.901 	 302.81 
896.272 	 305.15 
896.643 	 382.39 
897.014 	 373.02 
897.385 	 387.07 
897.756 	 288.76 
898.126 	 368.34 
898.497 	 380.04 
898.867 	 337.91 
899.238 	 401.11 
899.608 	 281.74 
899.979 	 382.39 
900.349 	 312.17 
900.719 	 384.73 
901.089 	 337.91 
901.459 	 300.47 
901.829 	 366.0 
902.199 	 354.3 
902.569 	 267.7 
902.939 	 277.06 
903.309 	 422.17 
903.679 	 323.87 
904.048 	 281.74 
904.418 	 373.02 
904.787 	 368.34 
905.157 	 361.32 
905.526 	 391.75 
905.895 	 309.83 
906.265 	 314.51 
906.634 	 298.13 
907.003 	 326.21 
907.372 	 333.23 
907.741 	 305.15 
908.11 	 373.02 
908.478 	 351.96 
908.847 	 309.83 
909.216 	 288.76 
909.585 	 312.17 
909.953 	 253.66 
910.322 	 373.02 
910.69 	 248.97 
911.058 	 342.6 
911.427 	 288.76 
911.795 	 366.0 
912.163 	 351.96 
912.531 	 270.04 
912.899 	 298.13 
913.267 	 286.42 
913.635 	 356.64 
914.003 	 405.79 
914.37 	 216.21 
914.738 	 356.64 
915.106 	 363.66 
915.473 	 337.91 
915.841 	 284.08 
916.208 	 300.47 
916.575 	 319.19 
916.943 	 277.06 
917.31 	 319.19 
917.677 	 288.76 
918.044 	 384.73 
918.411 	 1611.17 
918.778 	 391.75 
919.145 	 295.79 
919.512 	 253.66 
919.879 	 295.79 
920.245 	 431.54 
920.612 	 375.36 
920.978 	 363.66 
921.345 	 366.0 
921.711 	 560.27 
922.078 	 351.96 
922.444 	 248.97 
922.81 	 356.64 
923.176 	 342.6 
923.542 	 309.83 
923.908 	 284.08 
924.274 	 326.21 
924.64 	 319.19 
925.006 	 335.57 
925.371 	 422.17 
925.737 	 410.47 
926.103 	 305.15 
926.468 	 319.19 
926.834 	 319.19 
927.199 	 417.49 
927.564 	 347.28 
927.93 	 321.53 
928.295 	 342.6 
928.66 	 337.91 
929.025 	 274.72 
929.39 	 300.47 
929.755 	 363.66 
930.12 	 265.36 
930.484 	 323.87 
930.849 	 270.04 
931.214 	 347.28 
931.578 	 380.04 
931.943 	 387.07 
932.307 	 358.98 
932.672 	 337.91 
933.036 	 305.15 
933.4 	 382.39 
933.764 	 288.76 
934.128 	 284.08 
934.492 	 300.47 
934.856 	 260.68 
935.22 	 253.66 
935.584 	 356.64 
935.948 	 349.62 
936.311 	 291.1 
936.675 	 356.64 
937.039 	 328.55 
937.402 	 267.7 
937.765 	 298.13 
938.129 	 319.19 
938.492 	 277.06 
938.855 	 253.66 
939.218 	 330.89 
939.581 	 225.57 
939.944 	 239.61 
940.307 	 218.55 
940.67 	 398.77 
941.033 	 354.3 
941.396 	 323.87 
941.758 	 298.13 
942.121 	 335.57 
942.483 	 354.3 
942.846 	 309.83 
943.208 	 358.98 
943.571 	 291.1 
943.933 	 230.25 
944.295 	 337.91 
944.657 	 384.73 
945.019 	 293.44 
945.381 	 408.13 
945.743 	 316.85 
946.105 	 375.36 
946.467 	 356.64 
946.828 	 316.85 
947.19 	 415.15 
947.551 	 380.04 
947.913 	 314.51 
948.274 	 281.74 
948.636 	 342.6 
948.997 	 405.79 
949.358 	 298.13 
949.719 	 349.62 
950.08 	 347.28 
950.441 	 321.53 
950.802 	 260.68 
951.163 	 314.51 
951.524 	 270.04 
951.885 	 258.34 
952.245 	 312.17 
952.606 	 309.83 
952.966 	 316.85 
953.327 	 314.51 
953.687 	 298.13 
954.047 	 302.81 
954.408 	 314.51 
954.768 	 337.91 
955.128 	 312.17 
955.488 	 277.06 
955.848 	 321.53 
956.208 	 368.34 
956.568 	 328.55 
956.927 	 326.21 
957.287 	 288.76 
957.647 	 391.75 
958.006 	 377.7 
958.366 	 295.79 
958.725 	 389.41 
959.084 	 305.15 
959.444 	 248.97 
959.803 	 349.62 
960.162 	 316.85 
960.521 	 363.66 
960.88 	 321.53 
961.239 	 279.4 
961.598 	 307.49 
961.957 	 333.23 
962.315 	 253.66 
962.674 	 326.21 
963.033 	 300.47 
963.391 	 375.36 
963.75 	 274.72 
964.108 	 319.19 
964.466 	 305.15 
964.824 	 267.7 
965.183 	 267.7 
965.541 	 344.94 
965.899 	 361.32 
966.257 	 284.08 
966.614 	 312.17 
966.972 	 298.13 
967.33 	 328.55 
967.688 	 316.85 
968.045 	 340.26 
968.403 	 218.55 
968.76 	 319.19 
969.118 	 309.83 
969.475 	 291.1 
969.832 	 288.76 
970.189 	 335.57 
970.546 	 281.74 
970.903 	 295.79 
971.26 	 253.66 
971.617 	 314.51 
971.974 	 356.64 
972.331 	 342.6 
972.688 	 316.85 
973.044 	 323.87 
973.401 	 330.89 
973.757 	 337.91 
974.114 	 288.76 
974.47 	 389.41 
974.826 	 293.44 
975.182 	 330.89 
975.538 	 323.87 
975.895 	 380.04 
976.251 	 237.27 
976.606 	 354.3 
976.962 	 274.72 
977.318 	 396.43 
977.674 	 307.49 
978.029 	 288.76 
978.385 	 347.28 
978.74 	 330.89 
979.096 	 391.75 
979.451 	 314.51 
979.806 	 314.51 
980.162 	 286.42 
980.517 	 461.96 
980.872 	 305.15 
981.227 	 354.3 
981.582 	 307.49 
981.937 	 293.44 
982.291 	 335.57 
982.646 	 274.72 
983.001 	 351.96 
983.355 	 272.38 
983.71 	 344.94 
984.064 	 328.55 
984.419 	 330.89 
984.773 	 223.23 
985.127 	 206.84 
985.481 	 291.1 
985.835 	 230.25 
986.189 	 340.26 
986.543 	 314.51 
986.897 	 375.36 
987.251 	 333.23 
987.605 	 335.57 
987.958 	 377.7 
988.312 	 307.49 
988.665 	 300.47 
989.019 	 218.55 
989.372 	 295.79 
989.725 	 354.3 
990.079 	 328.55 
990.432 	 230.25 
990.785 	 251.32 
991.138 	 344.94 
991.491 	 230.25 
991.844 	 277.06 
992.197 	 415.15 
992.549 	 300.47 
992.902 	 300.47 
993.254 	 302.81 
993.607 	 312.17 
993.959 	 321.53 
994.312 	 389.41 
994.664 	 342.6 
995.016 	 363.66 
995.368 	 312.17 
995.721 	 349.62 
996.073 	 340.26 
996.425 	 260.68 
996.776 	 347.28 
997.128 	 284.08 
997.48 	 419.83 
997.832 	 284.08 
998.183 	 216.21 
998.535 	 337.91 
998.886 	 260.68 
999.237 	 291.1 
999.589 	 340.26 
999.94 	 389.41 
1000.291 	 248.97 
1000.642 	 267.7 
1000.993 	 375.36 
1001.344 	 321.53 
1001.695 	 349.62 
1002.046 	 326.21 
1002.397 	 298.13 
1002.747 	 295.79 
1003.098 	 401.11 
1003.448 	 316.85 
1003.799 	 314.51 
1004.149 	 286.42 
1004.499 	 265.36 
1004.85 	 328.55 
1005.2 	 263.02 
1005.55 	 284.08 
1005.9 	 284.08 
1006.25 	 260.68 
1006.6 	 305.15 
1006.949 	 300.47 
1007.299 	 321.53 
1007.649 	 358.98 
1007.998 	 351.96 
1008.348 	 307.49 
1008.697 	 258.34 
1009.047 	 316.85 
1009.396 	 363.66 
1009.745 	 354.3 
1010.094 	 295.79 
1010.443 	 326.21 
1010.792 	 300.47 
1011.141 	 431.54 
1011.49 	 347.28 
1011.839 	 321.53 
1012.188 	 295.79 
1012.536 	 417.49 
1012.885 	 277.06 
1013.233 	 225.57 
1013.582 	 321.53 
1013.93 	 251.32 
1014.278 	 354.3 
1014.627 	 302.81 
1014.975 	 389.41 
1015.323 	 373.02 
1015.671 	 267.7 
1016.019 	 305.15 
1016.367 	 373.02 
1016.714 	 330.89 
1017.062 	 263.02 
1017.41 	 312.17 
1017.757 	 330.89 
1018.105 	 384.73 
1018.452 	 391.75 
1018.8 	 295.79 
1019.147 	 354.3 
1019.494 	 330.89 
1019.841 	 258.34 
1020.188 	 305.15 
1020.535 	 316.85 
1020.882 	 277.06 
1021.229 	 344.94 
1021.576 	 302.81 
1021.922 	 335.57 
1022.269 	 263.02 
1022.615 	 274.72 
1022.962 	 328.55 
1023.308 	 328.55 
1023.655 	 328.55 
