188.012 	 -51.64 	 310.201 	 12751.09 
188.47 	 -51.64 	 313.778 	 19753.98 
188.927 	 -51.64 	 366.225 	 44984.95 
189.385 	 -152.28 	 401.88 	 8706.65 
189.842 	 34.96 	 405.824 	 14199.88 
190.3 	 -37.59 	 436.809 	 37455.45 
190.757 	 -103.13 	 547.4 	 55133.51 
191.215 	 -49.3 	 578.093 	 12645.77 
191.672 	 -96.11 	 580.185 	 14766.29 
192.129 	 -39.94 	 697.623 	 10576.73 
192.586 	 -16.53 	 739.586 	 11086.97 
193.044 	 16.24 	 751.457 	 47320.8 
193.501 	 -11.85 	 764.453 	 37429.7 
193.958 	 -44.62 	 773.472 	 11447.41 
194.415 	 -63.34 	 801.884 	 8779.2 
194.872 	 18.58 	 812.31 	 20250.17 
195.329 	 81.77 	 843.311 	 8357.91 
195.787 	 53.69 
196.244 	 74.75 
196.7 	 79.43 
197.157 	 137.95 
197.614 	 151.99 
198.071 	 217.52 
198.528 	 222.2 
198.985 	 238.59 
199.441 	 222.2 
199.898 	 280.72 
200.355 	 247.95 
200.812 	 254.97 
201.268 	 294.76 
201.725 	 301.78 
202.181 	 236.25 
202.638 	 318.17 
203.094 	 304.12 
203.551 	 369.66 
204.007 	 388.38 
204.463 	 336.89 
204.92 	 367.32 
205.376 	 318.17 
205.832 	 383.7 
206.288 	 463.28 
206.744 	 325.19 
207.201 	 332.21 
207.657 	 456.26 
208.113 	 283.06 
208.569 	 322.85 
209.025 	 386.04 
209.481 	 393.06 
209.937 	 273.7 
210.392 	 360.3 
210.848 	 364.98 
211.304 	 355.62 
211.76 	 292.42 
212.215 	 350.93 
212.671 	 411.79 
213.127 	 339.23 
213.582 	 460.94 
214.038 	 346.25 
214.494 	 364.98 
214.949 	 404.77 
215.404 	 336.89 
215.86 	 332.21 
216.315 	 320.51 
216.771 	 423.49 
217.226 	 327.53 
217.681 	 362.64 
218.136 	 280.72 
218.592 	 388.38 
219.047 	 393.06 
219.502 	 315.83 
219.957 	 357.96 
220.412 	 442.21 
220.867 	 350.93 
221.322 	 297.1 
221.777 	 357.96 
222.232 	 271.36 
222.687 	 294.76 
223.142 	 350.93 
223.596 	 376.68 
224.051 	 313.49 
224.506 	 240.93 
224.96 	 247.95 
225.415 	 313.49 
225.87 	 318.17 
226.324 	 294.76 
226.779 	 278.38 
227.233 	 421.15 
227.688 	 374.34 
228.142 	 269.02 
228.597 	 336.89 
229.051 	 320.51 
229.505 	 320.51 
229.959 	 264.33 
230.414 	 400.09 
230.868 	 409.45 
231.322 	 402.43 
231.776 	 350.93 
232.23 	 308.8 
232.684 	 306.46 
233.138 	 301.78 
233.592 	 334.55 
234.046 	 294.76 
234.5 	 287.74 
234.954 	 339.23 
235.408 	 304.12 
235.861 	 311.14 
236.315 	 304.12 
236.769 	 428.17 
237.222 	 407.11 
237.676 	 402.43 
238.13 	 304.12 
238.583 	 313.49 
239.037 	 362.64 
239.49 	 346.25 
239.944 	 250.29 
240.397 	 290.08 
240.85 	 299.44 
241.304 	 306.46 
241.757 	 203.48 
242.21 	 339.23 
242.663 	 386.04 
243.117 	 432.85 
243.57 	 264.33 
244.023 	 343.91 
244.476 	 374.34 
244.929 	 327.53 
245.382 	 285.4 
245.835 	 374.34 
246.288 	 414.13 
246.741 	 372.0 
247.193 	 423.49 
247.646 	 299.44 
248.099 	 446.9 
248.552 	 360.3 
249.004 	 386.04 
249.457 	 299.44 
249.909 	 306.46 
250.362 	 292.42 
250.814 	 435.19 
251.267 	 313.49 
251.719 	 273.7 
252.172 	 297.1 
252.624 	 439.87 
253.076 	 290.08 
253.529 	 350.93 
253.981 	 430.51 
254.433 	 353.27 
254.885 	 343.91 
255.337 	 269.02 
255.79 	 360.3 
256.242 	 353.27 
256.694 	 325.19 
257.146 	 297.1 
257.598 	 287.74 
258.049 	 304.12 
258.501 	 339.23 
258.953 	 315.83 
259.405 	 283.06 
259.857 	 231.57 
260.308 	 341.57 
260.76 	 327.53 
261.212 	 334.55 
261.663 	 350.93 
262.115 	 446.9 
262.566 	 364.98 
263.018 	 334.55 
263.469 	 334.55 
263.92 	 360.3 
264.372 	 367.32 
264.823 	 446.9 
265.274 	 311.14 
265.726 	 325.19 
266.177 	 435.19 
266.628 	 500.73 
267.079 	 315.83 
267.53 	 341.57 
267.981 	 381.36 
268.432 	 318.17 
268.883 	 350.93 
269.334 	 376.68 
269.785 	 336.89 
270.236 	 325.19 
270.687 	 325.19 
271.137 	 341.57 
271.588 	 397.74 
272.039 	 367.32 
272.489 	 367.32 
272.94 	 493.71 
273.391 	 332.21 
273.841 	 327.53 
274.292 	 393.06 
274.742 	 322.85 
275.192 	 432.85 
275.643 	 402.43 
276.093 	 334.55 
276.543 	 301.78 
276.994 	 416.47 
277.444 	 313.49 
277.894 	 306.46 
278.344 	 386.04 
278.794 	 360.3 
279.244 	 496.05 
279.694 	 388.38 
280.144 	 390.72 
280.594 	 374.34 
281.044 	 346.25 
281.494 	 306.46 
281.944 	 346.25 
282.394 	 386.04 
282.843 	 334.55 
283.293 	 414.13 
283.743 	 353.27 
284.192 	 386.04 
284.642 	 332.21 
285.091 	 400.09 
285.541 	 407.11 
285.99 	 390.72 
286.44 	 416.47 
286.889 	 383.7 
287.338 	 446.9 
287.788 	 393.06 
288.237 	 442.21 
288.686 	 491.37 
289.135 	 414.13 
289.584 	 479.66 
290.034 	 643.5 
290.483 	 603.71 
290.932 	 439.87 
291.381 	 397.74 
291.83 	 472.64 
292.278 	 428.17 
292.727 	 500.73 
293.176 	 456.26 
293.625 	 383.7 
294.074 	 496.05 
294.522 	 554.56 
294.971 	 482.0 
295.42 	 498.39 
295.868 	 521.79 
296.317 	 521.79 
296.765 	 617.76 
297.214 	 1118.63 
297.662 	 1497.8 
298.11 	 1476.73 
298.559 	 999.26 
299.007 	 1055.44 
299.455 	 706.7 
299.903 	 709.04 
300.352 	 601.37 
300.8 	 568.6 
301.248 	 652.86 
301.696 	 678.61 
302.144 	 685.63 
302.592 	 1212.25 
303.04 	 1710.79 
303.488 	 1940.16 
303.936 	 1460.35 
304.383 	 1029.69 
304.831 	 954.79 
305.279 	 905.64 
305.727 	 805.0 
306.174 	 1017.99 
306.622 	 1252.04 
307.069 	 2740.62 
307.517 	 4514.75 
307.964 	 5544.58 
308.412 	 6785.07 
308.859 	 7922.57 
309.306 	 10080.54 
309.754 	 11978.72 
310.201 	 12751.09 
310.648 	 12299.37 
311.096 	 11482.52 
311.543 	 10178.84 
311.99 	 8856.44 
312.437 	 8301.73 
312.884 	 9706.06 
313.331 	 13869.87 
313.778 	 19753.98 
314.225 	 19700.14 
314.672 	 16849.37 
315.118 	 11770.41 
315.565 	 9610.09 
316.012 	 8531.11 
316.459 	 7288.28 
316.905 	 6312.28 
317.352 	 5673.31 
317.798 	 5046.05 
318.245 	 4479.64 
318.691 	 3852.38 
319.138 	 3520.02 
319.584 	 3218.09 
320.031 	 3424.06 
320.477 	 3159.58 
320.923 	 3065.96 
321.37 	 3012.12 
321.816 	 2876.37 
322.262 	 2796.79 
322.708 	 2602.53 
323.154 	 2340.39 
323.6 	 2277.19 
324.046 	 2050.16 
324.492 	 1982.29 
324.938 	 2047.82 
325.384 	 1986.97 
325.83 	 2040.8 
326.276 	 2136.76 
326.721 	 2717.22 
327.167 	 2955.95 
327.613 	 3108.09 
328.058 	 2735.94 
328.504 	 2246.77 
328.949 	 1979.95 
329.395 	 1795.04 
329.84 	 1654.61 
330.286 	 1525.88 
330.731 	 1467.37 
331.177 	 1539.93 
331.622 	 1340.98 
332.067 	 1195.87 
332.512 	 1303.53 
332.957 	 1420.56 
333.403 	 1338.64 
333.848 	 1352.68 
334.293 	 1734.19 
334.738 	 2312.3 
335.183 	 2675.09 
335.628 	 2707.85 
336.072 	 2209.32 
336.517 	 2260.81 
336.962 	 2436.35 
337.407 	 2609.55 
337.852 	 2551.04 
338.296 	 2370.82 
338.741 	 2031.44 
339.185 	 1694.4 
339.63 	 1631.21 
340.074 	 1488.43 
340.519 	 1399.49 
340.963 	 1392.47 
341.408 	 1373.75 
341.852 	 1296.51 
342.296 	 1266.08 
342.741 	 1413.54 
343.185 	 1453.33 
343.629 	 1584.4 
344.073 	 1638.23 
344.517 	 1867.6 
344.961 	 2001.01 
345.405 	 2008.03 
345.849 	 2167.19 
346.293 	 2291.24 
346.737 	 2476.14 
347.181 	 2670.4 
347.624 	 2794.45 
348.068 	 3300.01 
348.512 	 3999.83 
348.955 	 4783.91 
349.399 	 5921.41 
349.843 	 6857.62 
350.286 	 6675.06 
350.73 	 5411.17 
351.173 	 4290.06 
351.617 	 3384.27 
352.06 	 2705.51 
352.503 	 2380.18 
352.946 	 2052.5 
353.39 	 1923.77 
353.833 	 1914.41 
354.276 	 1977.61 
354.719 	 1825.47 
355.162 	 1797.39 
355.605 	 1745.89 
356.048 	 1727.17 
356.491 	 1708.44 
356.934 	 1874.62 
357.377 	 2160.17 
357.82 	 2391.88 
358.262 	 2700.83 
358.705 	 2668.06 
359.148 	 2354.43 
359.59 	 2183.57 
360.033 	 2195.28 
360.475 	 2003.35 
360.918 	 2052.5 
361.36 	 1891.01 
361.803 	 2008.03 
362.245 	 2101.65 
362.688 	 2342.73 
363.13 	 2462.1 
363.572 	 2885.73 
364.014 	 3356.18 
364.456 	 4512.41 
364.899 	 6899.75 
365.341 	 22686.67 
365.783 	 39283.41 
366.225 	 44984.95 
366.667 	 33911.88 
367.108 	 20800.19 
367.55 	 13851.14 
367.992 	 8540.47 
368.434 	 4861.15 
368.876 	 2944.25 
369.317 	 2417.63 
369.759 	 2040.8 
370.201 	 1956.54 
370.642 	 2242.09 
371.084 	 2293.58 
371.525 	 2677.43 
371.966 	 2951.27 
372.408 	 3508.32 
372.849 	 3660.45 
373.29 	 3672.15 
373.732 	 2960.63 
374.173 	 2363.79 
374.614 	 1832.49 
375.055 	 1631.21 
375.496 	 1680.36 
375.937 	 1596.1 
376.378 	 1699.08 
376.819 	 1790.36 
377.26 	 1731.85 
377.701 	 1792.7 
378.142 	 1993.99 
378.583 	 1942.5 
379.023 	 1848.88 
379.464 	 1589.08 
379.905 	 1469.71 
380.345 	 1387.79 
380.786 	 1380.77 
381.226 	 1221.61 
381.667 	 1284.81 
382.107 	 1219.27 
382.548 	 1053.09 
382.988 	 1053.09 
383.428 	 973.52 
383.868 	 1095.22 
384.309 	 1029.69 
384.749 	 1099.91 
385.189 	 1053.09 
385.629 	 1102.25 
386.069 	 1219.27 
386.509 	 1294.17 
386.949 	 1235.66 
387.389 	 1156.08 
387.829 	 1214.59 
388.268 	 1310.55 
388.708 	 1287.15 
389.148 	 1191.19 
389.588 	 1216.93 
390.027 	 1378.43 
390.467 	 1289.49 
390.906 	 1263.74 
391.346 	 1399.49 
391.785 	 1406.52 
392.225 	 1333.96 
392.664 	 1144.38 
393.103 	 1252.04 
393.543 	 1291.83 
393.982 	 1291.83 
394.421 	 1385.45 
394.86 	 1600.78 
395.299 	 1565.67 
395.738 	 1724.83 
396.177 	 1678.02 
396.616 	 1837.17 
397.055 	 1855.9 
397.494 	 1956.54 
397.933 	 2111.02 
398.372 	 2316.98 
398.81 	 2611.89 
399.249 	 3103.4 
399.688 	 3522.36 
400.126 	 4409.42 
400.565 	 5219.25 
401.004 	 6359.09 
401.442 	 7761.07 
401.88 	 8706.65 
402.319 	 7651.06 
402.757 	 5832.47 
403.195 	 3810.25 
403.634 	 2693.81 
404.072 	 2164.85 
404.51 	 2579.12 
404.948 	 6850.6 
405.386 	 12336.82 
405.824 	 14199.88 
406.262 	 9928.41 
406.7 	 4975.83 
407.138 	 3124.47 
407.576 	 2352.09 
408.014 	 2735.94 
408.452 	 3805.56 
408.889 	 4498.36 
409.327 	 3597.26 
409.765 	 2260.81 
410.202 	 1642.91 
410.64 	 1521.2 
411.077 	 1352.68 
411.515 	 1282.47 
411.952 	 1259.06 
412.389 	 1249.7 
412.827 	 1230.98 
413.264 	 1329.28 
413.701 	 1298.85 
414.138 	 1450.99 
414.575 	 1521.2 
415.013 	 1535.25 
415.45 	 1523.54 
415.887 	 1598.44 
416.324 	 1832.49 
416.76 	 1961.22 
417.197 	 2183.57 
417.634 	 1940.16 
418.071 	 1916.75 
418.508 	 1940.16 
418.944 	 2017.4 
419.381 	 2401.24 
419.818 	 2569.76 
420.254 	 3101.06 
420.691 	 3796.2 
421.127 	 4091.11 
421.563 	 4489.0 
422.0 	 4451.55 
422.436 	 4268.99 
422.872 	 3342.14 
423.309 	 2422.31 
423.745 	 1816.11 
424.181 	 1432.26 
424.617 	 1284.81 
425.053 	 1116.29 
425.489 	 1149.06 
425.925 	 1238.0 
426.361 	 1205.23 
426.797 	 1553.97 
427.233 	 1535.25 
427.668 	 1523.54 
428.104 	 1502.48 
428.54 	 1434.6 
428.975 	 1186.51 
429.411 	 1106.93 
429.847 	 1247.36 
430.282 	 1137.35 
430.717 	 1245.02 
431.153 	 1303.53 
431.588 	 1221.61 
432.024 	 1202.89 
432.459 	 1282.47 
432.894 	 1167.78 
433.329 	 1202.89 
433.764 	 1333.96 
434.199 	 1553.97 
434.634 	 2001.01 
435.069 	 2586.15 
435.504 	 3599.6 
435.939 	 10410.56 
436.374 	 25682.55 
436.809 	 37455.45 
437.244 	 32200.94 
437.678 	 17563.23 
438.113 	 8460.89 
438.548 	 5565.65 
438.982 	 3868.76 
439.417 	 2654.02 
439.851 	 2291.24 
440.286 	 1898.03 
440.72 	 1633.55 
441.154 	 1390.13 
441.589 	 1142.04 
442.023 	 1017.99 
442.457 	 1064.8 
442.891 	 959.47 
443.326 	 982.88 
443.76 	 975.86 
444.194 	 971.18 
444.628 	 1022.67 
445.062 	 945.43 
445.495 	 1013.31 
445.929 	 959.47 
446.363 	 1008.62 
446.797 	 992.24 
447.23 	 1008.62 
447.664 	 1015.65 
448.098 	 1062.46 
448.531 	 1055.44 
448.965 	 1064.8 
449.398 	 999.26 
449.832 	 1160.76 
450.265 	 1127.99 
450.698 	 1074.16 
451.132 	 1153.74 
451.565 	 1158.42 
451.998 	 1280.13 
452.431 	 1338.64 
452.864 	 1172.46 
453.297 	 1170.12 
453.73 	 1046.07 
454.163 	 1055.44 
454.596 	 971.18 
455.029 	 936.07 
455.462 	 947.77 
455.895 	 985.22 
456.327 	 952.45 
456.76 	 1036.71 
457.193 	 1046.07 
457.625 	 926.71 
458.058 	 1034.37 
458.49 	 1017.99 
458.923 	 989.9 
459.355 	 966.49 
459.787 	 989.9 
460.22 	 1034.37 
460.652 	 924.37 
461.084 	 1027.35 
461.516 	 987.56 
461.948 	 1017.99 
462.381 	 889.26 
462.813 	 947.77 
463.245 	 1060.12 
463.676 	 1029.69 
464.108 	 1003.94 
464.54 	 1032.03 
464.972 	 945.43 
465.404 	 992.24 
465.835 	 957.13 
466.267 	 973.52 
466.699 	 964.15 
467.13 	 882.24 
467.562 	 924.37 
467.993 	 1034.37 
468.424 	 947.77 
468.856 	 1022.67 
469.287 	 865.85 
469.718 	 999.26 
470.15 	 964.15 
470.581 	 903.3 
471.012 	 1006.28 
471.443 	 1109.27 
471.874 	 966.49 
472.305 	 1013.31 
472.736 	 992.24 
473.167 	 1109.27 
473.598 	 940.75 
474.028 	 987.56 
474.459 	 959.47 
474.89 	 1017.99 
475.32 	 1034.37 
475.751 	 996.92 
476.182 	 1053.09 
476.612 	 1053.09 
477.043 	 1032.03 
477.473 	 1029.69 
477.903 	 1090.54 
478.334 	 1104.59 
478.764 	 1071.82 
479.194 	 1067.14 
479.624 	 999.26 
480.054 	 1025.01 
480.484 	 1036.71 
480.914 	 1085.86 
481.344 	 1069.48 
481.774 	 1181.82 
482.204 	 1029.69 
482.634 	 1200.55 
483.064 	 1116.29 
483.494 	 1132.67 
483.923 	 1184.16 
484.353 	 1074.16 
484.782 	 1127.99 
485.212 	 1109.27 
485.642 	 1149.06 
486.071 	 1184.16 
486.5 	 1247.36 
486.93 	 1357.36 
487.359 	 1352.68 
487.788 	 1252.04 
488.217 	 1216.93 
488.647 	 1188.85 
489.076 	 1125.65 
489.505 	 1137.35 
489.934 	 1153.74 
490.363 	 1069.48 
490.792 	 1125.65 
491.221 	 1310.55 
491.649 	 1390.13 
492.078 	 1792.7 
492.507 	 2036.12 
492.936 	 2185.91 
493.364 	 1678.02 
493.793 	 1479.07 
494.221 	 1282.47 
494.65 	 1230.98 
495.078 	 1249.7 
495.507 	 1221.61 
495.935 	 1163.1 
496.363 	 1078.84 
496.791 	 996.92 
497.22 	 1142.04 
497.648 	 1193.53 
498.076 	 1085.86 
498.504 	 1095.22 
498.932 	 1113.95 
499.36 	 1167.78 
499.788 	 1099.91 
500.216 	 1191.19 
500.643 	 1092.88 
501.071 	 1078.84 
501.499 	 1088.2 
501.927 	 1123.31 
502.354 	 1090.54 
502.782 	 1172.46 
503.209 	 1057.78 
503.637 	 1048.41 
504.064 	 1125.65 
504.491 	 1142.04 
504.919 	 1076.5 
505.346 	 1191.19 
505.773 	 1088.2 
506.2 	 1118.63 
506.628 	 1064.8 
507.055 	 1153.74 
507.482 	 1132.67 
507.909 	 1156.08 
508.335 	 1142.04 
508.762 	 1144.38 
509.189 	 1067.14 
509.616 	 1139.69 
510.043 	 1184.16 
510.469 	 1069.48 
510.896 	 1165.44 
511.323 	 1163.1 
511.749 	 1135.01 
512.176 	 1099.91 
512.602 	 1174.8 
513.028 	 1048.41 
513.455 	 1165.44 
513.881 	 1146.72 
514.307 	 987.56 
514.733 	 1090.54 
515.16 	 1120.97 
515.586 	 1142.04 
516.012 	 1113.95 
516.438 	 1081.18 
516.864 	 1132.67 
517.29 	 1177.14 
517.715 	 1139.69 
518.141 	 1111.61 
518.567 	 1057.78 
518.993 	 1125.65 
519.418 	 1219.27 
519.844 	 1092.88 
520.269 	 1149.06 
520.695 	 1078.84 
521.12 	 1146.72 
521.546 	 1137.35 
521.971 	 1078.84 
522.396 	 1195.87 
522.822 	 1127.99 
523.247 	 1109.27 
523.672 	 1085.86 
524.097 	 1034.37 
524.522 	 1102.25 
524.947 	 1170.12 
525.372 	 1132.67 
525.797 	 1149.06 
526.222 	 1015.65 
526.647 	 1163.1 
527.071 	 1167.78 
527.496 	 1060.12 
527.921 	 1144.38 
528.345 	 1076.5 
528.77 	 1029.69 
529.194 	 1078.84 
529.619 	 1067.14 
530.043 	 1127.99 
530.468 	 1102.25 
530.892 	 1092.88 
531.316 	 1081.18 
531.74 	 1205.23 
532.164 	 1062.46 
532.589 	 1116.29 
533.013 	 1041.39 
533.437 	 1053.09 
533.861 	 1064.8 
534.284 	 1109.27 
534.708 	 1104.59 
535.132 	 1081.18 
535.556 	 1085.86 
535.98 	 1167.78 
536.403 	 1146.72 
536.827 	 1022.67 
537.25 	 1090.54 
537.674 	 1069.48 
538.097 	 1102.25 
538.521 	 1015.65 
538.944 	 1043.73 
539.367 	 1123.31 
539.791 	 1142.04 
540.214 	 1144.38 
540.637 	 1109.27 
541.06 	 1099.91 
541.483 	 1064.8 
541.906 	 1125.65 
542.329 	 1057.78 
542.752 	 1081.18 
543.175 	 1057.78 
543.598 	 1116.29 
544.02 	 1160.76 
544.443 	 1261.4 
544.866 	 1188.85 
545.288 	 1247.36 
545.711 	 1773.98 
546.133 	 7805.54 
546.556 	 36575.41 
546.978 	 52626.8 
547.4 	 55133.51 
547.823 	 36741.58 
548.245 	 19971.64 
548.667 	 10712.49 
549.089 	 6263.13 
549.511 	 3400.65 
549.933 	 1844.2 
550.355 	 1479.07 
550.777 	 1348.0 
551.199 	 1191.19 
551.621 	 1113.95 
552.043 	 1111.61 
552.465 	 1102.25 
552.886 	 1130.33 
553.308 	 1104.59 
553.729 	 1153.74 
554.151 	 1167.78 
554.572 	 1102.25 
554.994 	 1017.99 
555.415 	 1209.91 
555.837 	 1067.14 
556.258 	 1135.01 
556.679 	 1163.1 
557.1 	 1233.32 
557.521 	 1053.09 
557.942 	 1186.51 
558.363 	 1001.6 
558.784 	 1118.63 
559.205 	 1017.99 
559.626 	 1127.99 
560.047 	 1027.35 
560.468 	 1017.99 
560.888 	 1034.37 
561.309 	 1013.31 
561.73 	 1179.48 
562.15 	 1050.75 
562.571 	 1041.39 
562.991 	 1020.33 
563.412 	 959.47 
563.832 	 1060.12 
564.252 	 992.24 
564.673 	 1029.69 
565.093 	 1088.2 
565.513 	 1076.5 
565.933 	 1015.65 
566.353 	 1088.2 
566.773 	 1088.2 
567.193 	 898.62 
567.613 	 1050.75 
568.033 	 1006.28 
568.452 	 1118.63 
568.872 	 1076.5 
569.292 	 989.9 
569.711 	 1025.01 
570.131 	 1053.09 
570.551 	 1057.78 
570.97 	 985.22 
571.389 	 1022.67 
571.809 	 987.56 
572.228 	 1071.82 
572.647 	 947.77 
573.067 	 1053.09 
573.486 	 959.47 
573.905 	 1029.69 
574.324 	 1043.73 
574.743 	 1015.65 
575.162 	 1039.05 
575.581 	 1053.09 
576.0 	 1149.06 
576.419 	 1076.5 
576.837 	 1408.86 
577.256 	 5095.2 
577.675 	 9783.29 
578.093 	 12645.77 
578.512 	 10352.04 
578.93 	 6511.22 
579.349 	 8369.61 
579.767 	 12481.93 
580.185 	 14766.29 
580.604 	 11835.94 
581.022 	 7255.51 
581.44 	 4393.04 
581.858 	 2897.44 
582.276 	 1961.22 
582.694 	 1418.22 
583.112 	 1083.52 
583.53 	 1025.01 
583.948 	 996.92 
584.366 	 1062.46 
584.784 	 1006.28 
585.201 	 1074.16 
585.619 	 903.3 
586.037 	 1034.37 
586.454 	 982.88 
586.872 	 912.66 
587.289 	 924.37 
587.707 	 982.88 
588.124 	 945.43 
588.541 	 854.15 
588.958 	 1039.05 
589.376 	 994.58 
589.793 	 1046.07 
590.21 	 961.81 
590.627 	 893.94 
591.044 	 966.49 
591.461 	 954.79 
591.878 	 966.49 
592.294 	 1046.07 
592.711 	 1006.28 
593.128 	 978.2 
593.545 	 1008.62 
593.961 	 893.94 
594.378 	 933.73 
594.794 	 922.02 
595.211 	 828.4 
595.627 	 919.68 
596.043 	 950.11 
596.46 	 886.92 
596.876 	 903.3 
597.292 	 833.08 
597.708 	 964.15 
598.124 	 931.39 
598.54 	 905.64 
598.956 	 936.07 
599.372 	 900.96 
599.788 	 919.68 
600.204 	 926.71 
600.62 	 919.68 
601.035 	 938.41 
601.451 	 889.26 
601.867 	 992.24 
602.282 	 929.05 
602.698 	 978.2 
603.113 	 856.49 
603.529 	 980.54 
603.944 	 1120.97 
604.359 	 1099.91 
604.774 	 1123.31 
605.19 	 1127.99 
605.605 	 1064.8 
606.02 	 966.49 
606.435 	 907.98 
606.85 	 1003.94 
607.265 	 1006.28 
607.68 	 882.24 
608.094 	 1015.65 
608.509 	 900.96 
608.924 	 954.79 
609.338 	 959.47 
609.753 	 922.02 
610.168 	 865.85 
610.582 	 884.58 
610.997 	 905.64 
611.411 	 828.4 
611.825 	 973.52 
612.24 	 776.91 
612.654 	 879.9 
613.068 	 971.18 
613.482 	 950.11 
613.896 	 882.24 
614.31 	 774.57 
614.724 	 840.11 
615.138 	 1149.06 
615.552 	 889.26 
615.966 	 842.45 
616.379 	 844.79 
616.793 	 793.3 
617.207 	 835.42 
617.62 	 797.98 
618.034 	 812.02 
618.447 	 744.14 
618.861 	 854.15 
619.274 	 795.64 
619.687 	 781.59 
620.101 	 699.67 
620.514 	 725.42 
620.927 	 767.55 
621.34 	 2820.2 
621.753 	 786.27 
622.166 	 807.34 
622.579 	 776.91 
622.992 	 765.21 
623.405 	 893.94 
623.817 	 765.21 
624.23 	 786.27 
624.643 	 760.53 
625.055 	 694.99 
625.468 	 683.29 
625.88 	 723.08 
626.293 	 802.66 
626.705 	 734.78 
627.118 	 725.42 
627.53 	 676.27 
627.942 	 725.42 
628.354 	 741.8 
628.766 	 725.42 
629.179 	 720.74 
629.591 	 711.38 
630.003 	 655.2 
630.414 	 711.38 
630.826 	 692.65 
631.238 	 746.48 
631.65 	 671.59 
632.061 	 648.18 
632.473 	 760.53 
632.885 	 826.06 
633.296 	 723.08 
633.708 	 638.82 
634.119 	 645.84 
634.53 	 659.88 
634.942 	 687.97 
635.353 	 664.57 
635.764 	 664.57 
636.175 	 666.91 
636.586 	 720.74 
636.998 	 744.14 
637.408 	 648.18 
637.819 	 676.27 
638.23 	 673.93 
638.641 	 737.12 
639.052 	 748.83 
639.463 	 734.78 
639.873 	 706.7 
640.284 	 863.51 
640.694 	 704.35 
641.105 	 709.04 
641.515 	 664.57 
641.926 	 776.91 
642.336 	 725.42 
642.746 	 716.06 
643.157 	 915.0 
643.567 	 741.8 
643.977 	 694.99 
644.387 	 687.97 
644.797 	 683.29 
645.207 	 582.65 
645.617 	 659.88 
646.026 	 636.48 
646.436 	 641.16 
646.846 	 596.69 
647.256 	 711.38 
647.665 	 645.84 
648.075 	 671.59 
648.484 	 580.31 
648.894 	 634.14 
649.303 	 662.23 
649.713 	 676.27 
650.122 	 680.95 
650.531 	 624.78 
650.94 	 596.69 
651.349 	 577.97 
651.758 	 589.67 
652.167 	 592.01 
652.576 	 582.65 
652.985 	 592.01 
653.394 	 671.59 
653.803 	 643.5 
654.212 	 687.97 
654.62 	 622.44 
655.029 	 641.16 
655.437 	 648.18 
655.846 	 624.78 
656.254 	 669.25 
656.663 	 1057.78 
657.071 	 1436.94 
657.479 	 1568.01 
657.888 	 1294.17 
658.296 	 1043.73 
658.704 	 924.37 
659.112 	 837.77 
659.52 	 800.32 
659.928 	 711.38 
660.336 	 650.52 
660.744 	 741.8 
661.152 	 673.93 
661.559 	 599.03 
661.967 	 812.02 
662.375 	 636.48 
662.782 	 636.48 
663.19 	 554.56 
663.597 	 652.86 
664.005 	 596.69 
664.412 	 713.72 
664.819 	 727.76 
665.226 	 659.88 
665.634 	 596.69 
666.041 	 596.69 
666.448 	 528.81 
666.855 	 587.33 
667.262 	 650.52 
667.669 	 709.04 
668.075 	 891.6 
668.482 	 959.47 
668.889 	 1275.45 
669.296 	 1043.73 
669.702 	 863.51 
670.109 	 744.14 
670.515 	 711.38 
670.922 	 655.2 
671.328 	 716.06 
671.734 	 603.71 
672.141 	 627.12 
672.547 	 498.39 
672.953 	 648.18 
673.359 	 500.73 
673.765 	 622.44 
674.171 	 596.69 
674.577 	 589.67 
674.983 	 547.54 
675.389 	 613.07 
675.795 	 753.51 
676.201 	 821.38 
676.606 	 737.12 
677.012 	 711.38 
677.417 	 603.71 
677.823 	 645.84 
678.228 	 610.73 
678.634 	 563.92 
679.039 	 629.46 
679.444 	 580.31 
679.849 	 559.24 
680.255 	 528.81 
680.66 	 589.67 
681.065 	 594.35 
681.47 	 592.01 
681.875 	 545.2 
682.28 	 542.86 
682.684 	 526.47 
683.089 	 524.13 
683.494 	 505.41 
683.899 	 510.09 
684.303 	 568.6 
684.708 	 599.03 
685.112 	 531.16 
685.517 	 559.24 
685.921 	 533.5 
686.325 	 493.71 
686.729 	 498.39 
687.134 	 606.05 
687.538 	 601.37 
687.942 	 615.41 
688.346 	 690.31 
688.75 	 636.48 
689.154 	 563.92 
689.558 	 538.18 
689.961 	 474.98 
690.365 	 507.75 
690.769 	 474.98 
691.173 	 570.94 
691.576 	 641.16 
691.98 	 680.95 
692.383 	 603.71 
692.786 	 620.1 
693.19 	 563.92 
693.593 	 491.37 
693.996 	 531.16 
694.399 	 528.81 
694.803 	 622.44 
695.206 	 603.71 
695.609 	 739.46 
696.012 	 779.25 
696.414 	 1404.18 
696.817 	 5223.93 
697.22 	 8542.81 
697.623 	 10576.73 
698.025 	 8416.42 
698.428 	 5736.51 
698.831 	 3962.38 
699.233 	 2579.12 
699.636 	 1963.56 
700.038 	 1593.76 
700.44 	 1135.01 
700.842 	 790.95 
701.245 	 627.12 
701.647 	 563.92 
702.049 	 552.22 
702.451 	 556.9 
702.853 	 486.69 
703.255 	 563.92 
703.657 	 622.44 
704.058 	 587.33 
704.46 	 636.48 
704.862 	 610.73 
705.264 	 524.13 
705.665 	 547.54 
706.067 	 554.56 
706.468 	 835.42 
706.869 	 3103.4 
707.271 	 5961.2 
707.672 	 7349.14 
708.073 	 7021.46 
708.474 	 4826.04 
708.876 	 3440.44 
709.277 	 2352.09 
709.678 	 1795.04 
710.079 	 1429.92 
710.479 	 1081.18 
710.88 	 907.98 
711.281 	 692.65 
711.682 	 624.78 
712.082 	 577.97 
712.483 	 528.81 
712.883 	 526.47 
713.284 	 531.16 
713.684 	 554.56 
714.085 	 498.39 
714.485 	 542.86 
714.885 	 800.32 
715.285 	 1130.33 
715.686 	 1268.42 
716.086 	 1039.05 
716.486 	 1064.8 
716.886 	 907.98 
717.285 	 690.31 
717.685 	 636.48 
718.085 	 587.33 
718.485 	 587.33 
718.884 	 465.62 
719.284 	 423.49 
719.684 	 470.3 
720.083 	 470.3 
720.483 	 437.53 
720.882 	 470.3 
721.281 	 496.05 
721.68 	 496.05 
722.08 	 472.64 
722.479 	 442.21 
722.878 	 444.56 
723.277 	 423.49 
723.676 	 535.84 
724.075 	 496.05 
724.474 	 486.69 
724.872 	 374.34 
725.271 	 463.28 
725.67 	 467.96 
726.068 	 432.85 
726.467 	 517.11 
726.865 	 451.58 
727.264 	 828.4 
727.662 	 1575.03 
728.061 	 2265.49 
728.459 	 2387.2 
728.857 	 1853.56 
729.255 	 1394.81 
729.653 	 987.56 
730.051 	 849.47 
730.449 	 788.61 
730.847 	 666.91 
731.245 	 606.05 
731.643 	 561.58 
732.041 	 648.18 
732.438 	 566.26 
732.836 	 552.22 
733.233 	 484.34 
733.631 	 531.16 
734.028 	 552.22 
734.426 	 435.19 
734.823 	 493.71 
735.22 	 451.58 
735.617 	 512.43 
736.015 	 507.75 
736.412 	 538.18 
736.809 	 512.43 
737.206 	 486.69 
737.603 	 596.69 
737.999 	 884.58 
738.396 	 2939.57 
738.793 	 7931.93 
739.19 	 10660.99 
739.586 	 11086.97 
739.983 	 7447.44 
740.379 	 5202.86 
740.776 	 3627.68 
741.172 	 2581.46 
741.568 	 1961.22 
741.965 	 1666.32 
742.361 	 1252.04 
742.757 	 893.94 
743.153 	 652.86 
743.549 	 528.81 
743.945 	 596.69 
744.341 	 587.33 
744.737 	 505.41 
745.133 	 517.11 
745.528 	 482.0 
745.924 	 559.24 
746.32 	 624.78 
746.715 	 559.24 
747.111 	 603.71 
747.506 	 617.76 
747.901 	 456.26 
748.297 	 643.5 
748.692 	 573.28 
749.087 	 603.71 
749.482 	 769.89 
749.877 	 1167.78 
750.272 	 6859.96 
750.667 	 25474.24 
751.062 	 38164.63 
751.457 	 47320.8 
751.852 	 42628.03 
752.247 	 37006.06 
752.641 	 31136.0 
753.036 	 20048.88 
753.43 	 13996.26 
753.825 	 10232.68 
754.219 	 7103.38 
754.614 	 4533.47 
755.008 	 3332.78 
755.402 	 2216.34 
755.796 	 1392.47 
756.19 	 900.96 
756.584 	 800.32 
756.978 	 690.31 
757.372 	 559.24 
757.766 	 540.52 
758.16 	 617.76 
758.554 	 552.22 
758.948 	 549.88 
759.341 	 559.24 
759.735 	 540.52 
760.128 	 456.26 
760.522 	 493.71 
760.915 	 437.53 
761.308 	 474.98 
761.702 	 648.18 
762.095 	 526.47 
762.488 	 676.27 
762.881 	 840.11 
763.274 	 3601.94 
763.667 	 18157.73 
764.06 	 31348.99 
764.453 	 37429.7 
764.846 	 30920.67 
765.239 	 18796.7 
765.631 	 12231.49 
766.024 	 8023.21 
766.416 	 5577.35 
766.809 	 4533.47 
767.201 	 3953.02 
767.594 	 3037.87 
767.986 	 1790.36 
768.378 	 1050.75 
768.77 	 753.51 
769.163 	 678.61 
769.555 	 453.92 
769.947 	 575.63 
770.339 	 561.58 
770.73 	 627.12 
771.122 	 552.22 
771.514 	 617.76 
771.906 	 664.57 
772.297 	 2426.99 
772.689 	 7356.16 
773.081 	 10543.97 
773.472 	 11447.41 
773.863 	 8086.4 
774.255 	 4999.24 
774.646 	 3475.55 
775.037 	 2476.14 
775.428 	 1902.71 
775.82 	 1663.97 
776.211 	 1560.99 
776.602 	 1174.8 
776.993 	 772.23 
777.383 	 622.44 
777.774 	 648.18 
778.165 	 676.27 
778.556 	 510.09 
778.946 	 458.6 
779.337 	 524.13 
779.727 	 421.15 
780.118 	 397.74 
780.508 	 528.81 
780.898 	 418.81 
781.289 	 423.49 
781.679 	 400.09 
782.069 	 430.51 
782.459 	 379.02 
782.849 	 428.17 
783.239 	 458.6 
783.629 	 334.55 
784.019 	 372.0 
784.408 	 421.15 
784.798 	 381.36 
785.188 	 386.04 
785.577 	 428.17 
785.967 	 390.72 
786.356 	 395.4 
786.746 	 339.23 
787.135 	 379.02 
787.524 	 362.64 
787.914 	 409.45 
788.303 	 383.7 
788.692 	 402.43 
789.081 	 421.15 
789.47 	 489.03 
789.859 	 414.13 
790.248 	 446.9 
790.636 	 592.01 
791.025 	 414.13 
791.414 	 463.28 
791.802 	 435.19 
792.191 	 400.09 
792.579 	 379.02 
792.968 	 416.47 
793.356 	 435.19 
793.744 	 467.96 
794.133 	 582.65 
794.521 	 978.2 
794.909 	 3852.38 
795.297 	 6403.56 
795.685 	 7889.8 
796.073 	 6347.39 
796.461 	 3894.51 
796.848 	 2705.51 
797.236 	 2136.76 
797.624 	 1481.41 
798.011 	 1345.66 
798.399 	 1280.13 
798.787 	 1181.82 
799.174 	 978.2 
799.561 	 650.52 
799.949 	 606.05 
800.336 	 863.51 
800.723 	 2331.03 
801.11 	 4086.43 
801.497 	 6782.73 
801.884 	 8779.2 
802.271 	 8725.37 
802.658 	 7519.99 
803.045 	 4919.66 
803.432 	 3454.48 
803.818 	 2572.1 
804.205 	 2197.62 
804.591 	 1582.06 
804.978 	 1502.48 
805.364 	 1425.24 
805.751 	 1017.99 
806.137 	 737.12 
806.523 	 620.1 
806.91 	 505.41 
807.296 	 482.0 
807.682 	 493.71 
808.068 	 493.71 
808.454 	 393.06 
808.84 	 442.21 
809.225 	 439.87 
809.611 	 531.16 
809.997 	 1013.31 
810.382 	 3419.38 
810.768 	 6160.14 
811.153 	 8559.19 
811.539 	 14040.73 
811.924 	 18672.65 
812.31 	 20250.17 
812.695 	 17495.36 
813.08 	 11061.23 
813.465 	 7889.8 
813.85 	 6057.16 
814.235 	 4486.66 
814.62 	 3442.78 
815.005 	 2869.35 
815.39 	 2408.26 
815.775 	 1832.49 
816.159 	 1245.02 
816.544 	 826.06 
816.929 	 636.48 
817.313 	 692.65 
817.697 	 423.49 
818.082 	 432.85 
818.466 	 435.19 
818.85 	 465.62 
819.235 	 423.49 
819.619 	 425.83 
820.003 	 439.87 
820.387 	 327.53 
820.771 	 381.36 
821.155 	 313.49 
821.538 	 332.21 
821.922 	 292.42 
822.306 	 395.4 
822.689 	 451.58 
823.073 	 369.66 
823.457 	 542.86 
823.84 	 360.3 
824.223 	 360.3 
824.607 	 346.25 
824.99 	 425.83 
825.373 	 414.13 
825.756 	 388.38 
826.139 	 865.85 
826.522 	 2141.44 
826.905 	 3491.93 
827.288 	 4100.47 
827.671 	 3365.54 
828.054 	 2157.83 
828.436 	 1678.02 
828.819 	 1411.2 
829.201 	 1092.88 
829.584 	 889.26 
829.966 	 1132.67 
830.349 	 805.0 
830.731 	 769.89 
831.113 	 592.01 
831.495 	 395.4 
831.878 	 334.55 
832.26 	 376.68 
832.642 	 388.38 
833.024 	 369.66 
833.405 	 519.45 
833.787 	 320.51 
834.169 	 355.62 
834.551 	 322.85 
834.932 	 346.25 
835.314 	 383.7 
835.695 	 327.53 
836.077 	 615.41 
836.458 	 336.89 
836.839 	 297.1 
837.22 	 372.0 
837.602 	 381.36 
837.983 	 362.64 
838.364 	 479.66 
838.745 	 395.4 
839.126 	 400.09 
839.506 	 400.09 
839.887 	 474.98 
840.268 	 570.94 
840.649 	 1848.88 
841.029 	 3728.33 
841.41 	 5277.76 
841.79 	 5703.74 
842.171 	 5479.05 
842.551 	 6450.37 
842.931 	 8224.5 
843.311 	 8357.91 
843.691 	 6923.16 
844.072 	 4943.07 
844.452 	 4102.81 
844.832 	 3197.03 
845.211 	 2529.97 
845.591 	 2045.48 
845.971 	 1565.67 
846.351 	 1380.77 
846.73 	 1226.29 
847.11 	 851.81 
847.489 	 641.16 
847.869 	 439.87 
848.248 	 411.79 
848.627 	 470.3 
849.007 	 418.81 
849.386 	 402.43 
849.765 	 554.56 
850.144 	 367.32 
850.523 	 397.74 
850.902 	 329.87 
851.281 	 320.51 
851.66 	 477.32 
852.038 	 917.34 
852.417 	 1685.04 
852.796 	 2256.13 
853.174 	 2354.43 
853.553 	 2029.1 
853.931 	 1509.5 
854.309 	 1219.27 
854.688 	 1032.03 
855.066 	 805.0 
855.444 	 746.48 
855.822 	 687.97 
856.2 	 725.42 
856.578 	 659.88 
856.956 	 638.82 
857.334 	 432.85 
857.712 	 350.93 
858.089 	 350.93 
858.467 	 346.25 
858.844 	 364.98 
859.222 	 341.57 
859.599 	 360.3 
859.977 	 402.43 
860.354 	 437.53 
860.731 	 325.19 
861.109 	 369.66 
861.486 	 336.89 
861.863 	 273.7 
862.24 	 484.34 
862.617 	 357.96 
862.993 	 421.15 
863.37 	 437.53 
863.747 	 308.8 
864.124 	 357.96 
864.5 	 280.72 
864.877 	 334.55 
865.253 	 442.21 
865.63 	 339.23 
866.006 	 332.21 
866.382 	 376.68 
866.758 	 437.53 
867.135 	 486.69 
867.511 	 556.9 
867.887 	 608.39 
868.263 	 482.0 
868.639 	 381.36 
869.014 	 512.43 
869.39 	 449.24 
869.766 	 357.96 
870.141 	 383.7 
870.517 	 362.64 
870.892 	 306.46 
871.268 	 437.53 
871.643 	 435.19 
872.019 	 381.36 
872.394 	 334.55 
872.769 	 320.51 
873.144 	 320.51 
873.519 	 407.11 
873.894 	 334.55 
874.269 	 278.38 
874.644 	 360.3 
875.019 	 364.98 
875.393 	 280.72 
875.768 	 273.7 
876.143 	 498.39 
876.517 	 308.8 
876.891 	 306.46 
877.266 	 348.59 
877.64 	 374.34 
878.014 	 308.8 
878.389 	 311.14 
878.763 	 273.7 
879.137 	 383.7 
879.511 	 320.51 
879.885 	 334.55 
880.259 	 304.12 
880.632 	 294.76 
881.006 	 339.23 
881.38 	 355.62 
881.753 	 343.91 
882.127 	 336.89 
882.5 	 355.62 
882.874 	 444.56 
883.247 	 245.61 
883.62 	 395.4 
883.994 	 311.14 
884.367 	 400.09 
884.74 	 472.64 
885.113 	 318.17 
885.486 	 350.93 
885.859 	 313.49 
886.231 	 283.06 
886.604 	 276.04 
886.977 	 512.43 
887.349 	 276.04 
887.722 	 294.76 
888.094 	 327.53 
888.467 	 290.08 
888.839 	 320.51 
889.211 	 299.44 
889.584 	 364.98 
889.956 	 409.45 
890.328 	 343.91 
890.7 	 416.47 
891.072 	 297.1 
891.444 	 390.72 
891.816 	 418.81 
892.187 	 357.96 
892.559 	 261.99 
892.931 	 301.78 
893.302 	 362.64 
893.674 	 325.19 
894.045 	 350.93 
894.416 	 400.09 
894.788 	 407.11 
895.159 	 315.83 
895.53 	 320.51 
895.901 	 397.74 
896.272 	 348.59 
896.643 	 458.6 
897.014 	 348.59 
897.385 	 369.66 
897.756 	 360.3 
898.126 	 336.89 
898.497 	 404.77 
898.867 	 364.98 
899.238 	 407.11 
899.608 	 341.57 
899.979 	 428.17 
900.349 	 308.8 
900.719 	 283.06 
901.089 	 346.25 
901.459 	 336.89 
901.829 	 339.23 
902.199 	 357.96 
902.569 	 304.12 
902.939 	 278.38 
903.309 	 343.91 
903.679 	 336.89 
904.048 	 360.3 
904.418 	 336.89 
904.787 	 343.91 
905.157 	 329.87 
905.526 	 432.85 
905.895 	 346.25 
906.265 	 372.0 
906.634 	 357.96 
907.003 	 336.89 
907.372 	 383.7 
907.741 	 414.13 
908.11 	 386.04 
908.478 	 308.8 
908.847 	 357.96 
909.216 	 348.59 
909.585 	 379.02 
909.953 	 276.04 
910.322 	 353.27 
910.69 	 299.44 
911.058 	 383.7 
911.427 	 308.8 
911.795 	 449.24 
912.163 	 437.53 
912.531 	 507.75 
912.899 	 891.6 
913.267 	 1500.14 
913.635 	 2150.81 
914.003 	 2389.54 
914.37 	 2302.94 
914.738 	 1867.6 
915.106 	 1333.96 
915.473 	 1135.01 
915.841 	 1006.28 
916.208 	 905.64 
916.575 	 875.21 
916.943 	 828.4 
917.31 	 697.33 
917.677 	 589.67 
918.044 	 414.13 
918.411 	 1563.33 
918.778 	 421.15 
919.145 	 393.06 
919.512 	 404.77 
919.879 	 407.11 
920.245 	 432.85 
920.612 	 353.27 
920.978 	 315.83 
921.345 	 346.25 
921.711 	 580.31 
922.078 	 313.49 
922.444 	 343.91 
922.81 	 390.72 
923.176 	 386.04 
923.542 	 503.07 
923.908 	 556.9 
924.274 	 802.66 
924.64 	 666.91 
925.006 	 678.61 
925.371 	 587.33 
925.737 	 570.94 
926.103 	 517.11 
926.468 	 430.51 
926.834 	 510.09 
927.199 	 456.26 
927.564 	 418.81 
927.93 	 393.06 
928.295 	 400.09 
928.66 	 374.34 
929.025 	 362.64 
929.39 	 306.46 
929.755 	 329.87 
930.12 	 353.27 
930.484 	 311.14 
930.849 	 376.68 
931.214 	 357.96 
931.578 	 388.38 
931.943 	 325.19 
932.307 	 402.43 
932.672 	 327.53 
933.036 	 341.57 
933.4 	 341.57 
933.764 	 353.27 
934.128 	 386.04 
934.492 	 311.14 
934.856 	 308.8 
935.22 	 299.44 
935.584 	 348.59 
935.948 	 421.15 
936.311 	 313.49 
936.675 	 339.23 
937.039 	 301.78 
937.402 	 350.93 
937.765 	 362.64 
938.129 	 322.85 
938.492 	 346.25 
938.855 	 322.85 
939.218 	 336.89 
939.581 	 367.32 
939.944 	 383.7 
940.307 	 325.19 
940.67 	 346.25 
941.033 	 343.91 
941.396 	 411.79 
941.758 	 320.51 
942.121 	 339.23 
942.483 	 404.77 
942.846 	 311.14 
943.208 	 334.55 
943.571 	 313.49 
943.933 	 322.85 
944.295 	 374.34 
944.657 	 379.02 
945.019 	 343.91 
945.381 	 407.11 
945.743 	 393.06 
946.105 	 404.77 
946.467 	 318.17 
946.828 	 297.1 
947.19 	 393.06 
947.551 	 297.1 
947.913 	 280.72 
948.274 	 348.59 
948.636 	 343.91 
948.997 	 367.32 
949.358 	 329.87 
949.719 	 400.09 
950.08 	 393.06 
950.441 	 306.46 
950.802 	 350.93 
951.163 	 308.8 
951.524 	 339.23 
951.885 	 264.33 
952.245 	 339.23 
952.606 	 313.49 
952.966 	 315.83 
953.327 	 393.06 
953.687 	 308.8 
954.047 	 290.08 
954.408 	 271.36 
954.768 	 339.23 
955.128 	 287.74 
955.488 	 301.78 
955.848 	 320.51 
956.208 	 362.64 
956.568 	 369.66 
956.927 	 325.19 
957.287 	 313.49 
957.647 	 341.57 
958.006 	 362.64 
958.366 	 336.89 
958.725 	 334.55 
959.084 	 266.67 
959.444 	 318.17 
959.803 	 386.04 
960.162 	 381.36 
960.521 	 348.59 
960.88 	 327.53 
961.239 	 353.27 
961.598 	 318.17 
961.957 	 414.13 
962.315 	 341.57 
962.674 	 315.83 
963.033 	 357.96 
963.391 	 409.45 
963.75 	 341.57 
964.108 	 350.93 
964.466 	 311.14 
964.824 	 290.08 
965.183 	 306.46 
965.541 	 379.02 
965.899 	 407.11 
966.257 	 346.25 
966.614 	 437.53 
966.972 	 343.91 
967.33 	 425.83 
967.688 	 383.7 
968.045 	 315.83 
968.403 	 353.27 
968.76 	 381.36 
969.118 	 388.38 
969.475 	 418.81 
969.832 	 484.34 
970.189 	 343.91 
970.546 	 442.21 
970.903 	 379.02 
971.26 	 381.36 
971.617 	 343.91 
971.974 	 395.4 
972.331 	 252.63 
972.688 	 271.36 
973.044 	 278.38 
973.401 	 320.51 
973.757 	 411.79 
974.114 	 311.14 
974.47 	 362.64 
974.826 	 381.36 
975.182 	 318.17 
975.538 	 367.32 
975.895 	 341.57 
976.251 	 372.0 
976.606 	 320.51 
976.962 	 231.57 
977.318 	 350.93 
977.674 	 332.21 
978.029 	 287.74 
978.385 	 233.91 
978.74 	 334.55 
979.096 	 435.19 
979.451 	 327.53 
979.806 	 339.23 
980.162 	 283.06 
980.517 	 376.68 
980.872 	 252.63 
981.227 	 315.83 
981.582 	 332.21 
981.937 	 299.44 
982.291 	 290.08 
982.646 	 254.97 
983.001 	 287.74 
983.355 	 393.06 
983.71 	 390.72 
984.064 	 320.51 
984.419 	 360.3 
984.773 	 381.36 
985.127 	 306.46 
985.481 	 273.7 
985.835 	 332.21 
986.189 	 261.99 
986.543 	 325.19 
986.897 	 306.46 
987.251 	 294.76 
987.605 	 355.62 
987.958 	 367.32 
988.312 	 343.91 
988.665 	 250.29 
989.019 	 252.63 
989.372 	 292.42 
989.725 	 350.93 
990.079 	 432.85 
990.432 	 245.61 
990.785 	 386.04 
991.138 	 285.4 
991.491 	 346.25 
991.844 	 290.08 
992.197 	 299.44 
992.549 	 322.85 
992.902 	 327.53 
993.254 	 376.68 
993.607 	 372.0 
993.959 	 301.78 
994.312 	 308.8 
994.664 	 287.74 
995.016 	 243.27 
995.368 	 311.14 
995.721 	 346.25 
996.073 	 343.91 
996.425 	 283.06 
996.776 	 353.27 
997.128 	 290.08 
997.48 	 315.83 
997.832 	 269.02 
998.183 	 379.02 
998.535 	 367.32 
998.886 	 311.14 
999.237 	 325.19 
999.589 	 353.27 
999.94 	 355.62 
1000.291 	 252.63 
1000.642 	 294.76 
1000.993 	 381.36 
1001.344 	 334.55 
1001.695 	 297.1 
1002.046 	 343.91 
1002.397 	 229.23 
1002.747 	 400.09 
1003.098 	 437.53 
1003.448 	 339.23 
1003.799 	 348.59 
1004.149 	 341.57 
1004.499 	 264.33 
1004.85 	 329.87 
1005.2 	 280.72 
1005.55 	 360.3 
1005.9 	 252.63 
1006.25 	 346.25 
1006.6 	 327.53 
1006.949 	 353.27 
1007.299 	 327.53 
1007.649 	 278.38 
1007.998 	 311.14 
1008.348 	 287.74 
1008.697 	 292.42 
1009.047 	 320.51 
1009.396 	 306.46 
1009.745 	 304.12 
1010.094 	 212.84 
1010.443 	 369.66 
1010.792 	 285.4 
1011.141 	 367.32 
1011.49 	 364.98 
1011.839 	 334.55 
1012.188 	 341.57 
1012.536 	 519.45 
1012.885 	 355.62 
1013.233 	 301.78 
1013.582 	 306.46 
1013.93 	 294.76 
1014.278 	 374.34 
1014.627 	 292.42 
1014.975 	 313.49 
1015.323 	 320.51 
1015.671 	 346.25 
1016.019 	 348.59 
1016.367 	 421.15 
1016.714 	 313.49 
1017.062 	 285.4 
1017.41 	 376.68 
1017.757 	 336.89 
1018.105 	 390.72 
1018.452 	 435.19 
1018.8 	 290.08 
1019.147 	 346.25 
1019.494 	 362.64 
1019.841 	 311.14 
1020.188 	 364.98 
1020.535 	 357.96 
1020.882 	 339.23 
1021.229 	 437.53 
1021.576 	 318.17 
1021.922 	 306.46 
1022.269 	 327.53 
1022.615 	 388.38 
1022.962 	 231.57 
1023.308 	 231.57 
1023.655 	 231.57 
