FLMS05814_1:101		
188.012	-87.33	
188.47	-87.33	
188.927	-87.33	
189.385	-99.03	
189.842	-33.5	
190.3	-75.63	
190.757	-80.31	
191.215	-96.69	
191.672	-122.44	
192.129	-84.99	
192.586	-59.24	
193.044	46.08	
193.501	-47.54	
193.958	6.29	
194.415	25.01	
194.872	55.44	
195.329	104.59	
195.787	53.1	
196.244	92.89	
196.7	92.89	
197.157	90.55	
197.614	170.13	
198.071	139.7	
198.528	170.13	
198.985	212.26	
199.441	214.6	
199.898	310.56	
200.355	273.11	
200.812	226.3	
201.268	317.58	
201.725	329.28	
202.181	240.34	
202.638	329.28	
203.094	385.46	
203.551	319.92	
204.007	357.37	
204.463	378.44	
204.92	282.47	
205.376	371.41	
205.832	366.73	
206.288	404.18	
206.744	364.39	
207.201	310.56	
207.657	373.75	
208.113	376.09	
208.569	352.69	
209.025	343.33	
209.481	291.84	
209.937	319.92	
210.392	380.78	
210.848	317.58	
211.304	355.03	
211.76	376.09	
212.215	305.88	
212.671	336.31	
213.127	301.2	
213.582	305.88	
214.038	376.09	
214.494	303.54	
214.949	338.65	
215.404	343.33	
215.86	275.45	
216.315	301.2	
216.771	303.54	
217.226	376.09	
217.681	401.84	
218.136	326.94	
218.592	333.97	
219.047	369.07	
219.502	376.09	
219.957	343.33	
220.412	348.01	
220.867	317.58	
221.322	270.77	
221.777	296.52	
222.232	340.99	
222.687	310.56	
223.142	273.11	
223.596	413.54	
224.051	326.94	
224.506	312.9	
224.96	287.15	
225.415	324.6	
225.87	291.84	
226.324	357.37	
226.779	345.67	
227.233	266.09	
227.688	270.77	
228.142	193.53	
228.597	380.78	
229.051	315.24	
229.505	289.5	
229.959	273.11	
230.414	303.54	
230.868	289.5	
231.322	397.16	
231.776	380.78	
232.23	324.6	
232.684	355.03	
233.138	399.5	
233.592	359.71	
234.046	383.12	
234.5	340.99	
234.954	305.88	
235.408	359.71	
235.861	359.71	
236.315	277.79	
236.769	322.26	
237.222	322.26	
237.676	317.58	
238.13	331.62	
238.583	308.22	
239.037	266.09	
239.49	331.62	
239.944	333.97	
240.397	336.31	
240.85	282.47	
241.304	359.71	
241.757	326.94	
242.21	369.07	
242.663	380.78	
243.117	357.37	
243.57	326.94	
244.023	329.28	
244.476	326.94	
244.929	270.77	
245.382	352.69	
245.835	376.09	
246.288	338.65	
246.741	338.65	
247.193	301.2	
247.646	331.62	
248.099	366.73	
248.552	380.78	
249.004	249.71	
249.457	273.11	
249.909	331.62	
250.362	352.69	
250.814	397.16	
251.267	345.67	
251.719	413.54	
252.172	397.16	
252.624	364.39	
253.076	326.94	
253.529	343.33	
253.981	296.52	
254.433	345.67	
254.885	291.84	
255.337	259.07	
255.79	364.39	
256.242	317.58	
256.694	305.88	
257.146	301.2	
257.598	387.8	
258.049	385.46	
258.501	324.6	
258.953	336.31	
259.405	291.84	
259.857	345.67	
260.308	348.01	
260.76	340.99	
261.212	362.05	
261.663	362.05	
262.115	366.73	
262.566	329.28	
263.018	392.48	
263.469	392.48	
263.92	350.35	
264.372	348.01	
264.823	408.86	
265.274	348.01	
265.726	245.02	
266.177	317.58	
266.628	394.82	
267.079	298.86	
267.53	268.43	
267.981	315.24	
268.432	287.15	
268.883	287.15	
269.334	273.11	
269.785	303.54	
270.236	317.58	
270.687	312.9	
271.137	359.71	
271.588	352.69	
272.039	387.8	
272.489	343.33	
272.94	387.8	
273.391	364.39	
273.841	322.26	
274.292	373.75	
274.742	275.45	
275.192	350.35	
275.643	310.56	
276.093	340.99	
276.543	366.73	
276.994	373.75	
277.444	331.62	
277.894	362.05	
278.344	340.99	
278.794	319.92	
279.244	352.69	
279.694	364.39	
280.144	406.52	
280.594	322.26	
281.044	245.02	
281.494	340.99	
281.944	282.47	
282.394	298.86	
282.843	355.03	
283.293	324.6	
283.743	298.86	
284.192	333.97	
284.642	315.24	
285.091	376.09	
285.541	364.39	
285.99	366.73	
286.44	359.71	
286.889	336.31	
287.338	385.46	
287.788	352.69	
288.237	352.69	
288.686	397.16	
289.135	385.46	
289.584	352.69	
290.034	415.88	
290.483	429.93	
290.932	289.5	
291.381	329.28	
291.83	340.99	
292.278	326.94	
292.727	296.52	
293.176	380.78	
293.625	366.73	
294.074	425.25	
294.522	348.01	
294.971	383.12	
295.42	443.97	
295.868	418.22	
296.317	509.51	
296.765	535.25	
297.214	469.72	
297.662	439.29	
298.11	490.78	
298.559	453.33	
299.007	605.47	
299.455	441.63	
299.903	422.91	
300.352	326.94	
300.8	303.54	
301.248	322.26	
301.696	390.14	
302.144	301.2	
302.592	333.97	
303.04	326.94	
303.488	392.48	
303.936	336.31	
304.383	324.6	
304.831	383.12	
305.279	348.01	
305.727	380.78	
306.174	315.24	
306.622	350.35	
307.069	399.5	
307.517	371.41	
307.964	350.35	
308.412	378.44	
308.859	397.16	
309.306	453.33	
309.754	443.97	
310.201	593.76	
310.648	687.39	
311.096	659.3	
311.543	809.09	
311.99	921.44	
312.437	1122.73	
312.884	1183.58	
313.331	1291.24	
313.778	1492.53	
314.225	1726.58	
314.672	1808.5	
315.118	1806.16	
315.565	1920.85	
316.012	2316.4	
316.459	2559.81	
316.905	2454.49	
317.352	1902.12	
317.798	1228.05	
318.245	851.22	
318.691	589.08	
319.138	497.8	
319.584	422.91	
320.031	404.18	
320.477	366.73	
320.923	301.2	
321.37	385.46	
321.816	338.65	
322.262	362.05	
322.708	394.82	
323.154	380.78	
323.6	380.78	
324.046	385.46	
324.492	401.84	
324.938	380.78	
325.384	378.44	
325.83	331.62	
326.276	418.22	
326.721	535.25	
327.167	584.4	
327.613	584.4	
328.058	617.17	
328.504	617.17	
328.949	750.58	
329.395	860.59	
329.84	766.96	
330.286	750.58	
330.731	741.22	
331.177	834.84	
331.622	844.2	
332.067	923.78	
332.512	937.82	
332.957	1129.75	
333.403	1302.95	
333.848	1546.36	
334.293	1867.02	
334.738	2229.8	
335.183	2606.63	
335.628	3208.14	
336.072	3961.8	
336.517	4853.54	
336.962	6227.43	
337.407	8350.3	
337.852	8799.68	
338.296	7290.04	
338.741	4413.52	
339.185	2267.25	
339.63	1331.03	
340.074	900.37	
340.519	607.81	
340.963	514.19	
341.408	469.72	
341.852	465.04	
342.296	441.63	
342.741	408.86	
343.185	408.86	
343.629	441.63	
344.073	448.65	
344.517	441.63	
344.961	406.52	
345.405	467.38	
345.849	441.63	
346.293	479.08	
346.737	455.67	
347.181	523.55	
347.624	624.19	
348.068	652.28	
348.512	717.81	
348.955	776.33	
349.399	923.78	
349.843	1005.7	
350.286	1178.9	
350.73	1319.33	
351.173	1293.58	
351.617	1398.91	
352.06	1534.66	
352.503	1597.85	
352.946	2014.47	
353.39	2388.96	
353.833	2999.84	
354.276	3301.76	
354.719	3261.98	
355.162	2894.51	
355.605	2566.84	
356.048	2831.32	
356.491	3299.42	
356.934	3762.85	
357.377	4706.09	
357.82	5890.4	
358.262	6613.62	
358.705	5883.38	
359.148	3577.95	
359.59	1927.87	
360.033	1237.41	
360.475	790.37	
360.918	603.13	
361.36	483.76	
361.803	563.34	
362.245	455.67	
362.688	472.06	
363.13	523.55	
363.572	429.93	
364.014	493.12	
364.456	518.87	
364.899	584.4	
365.341	605.47	
365.783	563.34	
366.225	593.76	
366.667	682.71	
367.108	701.43	
367.55	809.09	
367.992	867.61	
368.434	851.22	
368.876	788.03	
369.317	811.43	
369.759	893.35	
370.201	902.72	
370.642	1101.66	
371.084	1288.9	
371.525	1370.82	
371.966	1469.13	
372.408	1319.33	
372.849	1141.45	
373.29	1127.41	
373.732	1225.71	
374.173	1298.27	
374.614	1476.15	
375.055	1696.16	
375.496	2035.53	
375.937	2314.06	
376.378	2194.69	
376.819	1909.15	
377.26	1490.19	
377.701	1361.46	
378.142	1321.67	
378.583	1258.48	
379.023	1508.91	
379.464	1579.13	
379.905	1820.21	
380.345	2154.9	
380.786	2592.58	
381.226	2613.65	
381.667	2054.26	
382.107	1361.46	
382.548	811.43	
382.988	605.47	
383.428	600.79	
383.868	537.59	
384.309	495.46	
384.749	542.27	
385.189	495.46	
385.629	530.57	
386.069	640.58	
386.509	671	
386.949	638.23	
387.389	619.51	
387.829	607.81	
388.268	593.76	
388.708	706.11	
389.148	652.28	
389.588	750.58	
390.027	788.03	
390.467	752.92	
390.906	743.56	
391.346	612.49	
391.785	624.19	
392.225	671	
392.664	701.43	
393.103	678.02	
393.543	776.33	
393.982	799.73	
394.421	991.66	
394.86	1017.4	
395.299	1099.32	
395.738	989.32	
396.177	902.72	
396.616	736.54	
397.055	762.28	
397.494	659.3	
397.933	752.92	
398.372	874.63	
398.81	883.99	
399.249	902.72	
399.688	958.89	
400.126	1104	
400.565	1155.49	
401.004	949.53	
401.442	785.69	
401.88	720.15	
402.319	605.47	
402.757	598.45	
403.195	603.13	
403.634	689.73	
404.072	624.19	
404.51	640.58	
404.948	853.56	
405.386	1089.96	
405.824	1057.19	
406.262	1225.71	
406.7	1085.28	
407.138	900.37	
407.576	654.62	
408.014	600.79	
408.452	525.89	
408.889	544.61	
409.327	507.16	
409.765	586.74	
410.202	610.15	
410.64	516.53	
411.077	488.44	
411.515	521.21	
411.952	551.64	
412.389	507.16	
412.827	521.21	
413.264	553.98	
413.701	556.32	
414.138	619.51	
414.575	586.74	
415.013	729.52	
415.45	671	
415.887	720.15	
416.324	1167.2	
416.76	1600.2	
417.197	1752.33	
417.634	1319.33	
418.071	994	
418.508	823.14	
418.944	834.84	
419.381	970.59	
419.818	1153.15	
420.254	1696.16	
420.691	2337.46	
421.127	2459.17	
421.563	1815.52	
422	1134.43	
422.436	816.12	
422.872	682.71	
423.309	706.11	
423.745	577.38	
424.181	633.55	
424.617	568.02	
425.053	577.38	
425.489	659.3	
425.925	659.3	
426.361	1005.7	
426.797	1197.62	
427.233	1342.74	
427.668	1441.04	
428.104	1487.85	
428.54	1150.81	
428.975	792.71	
429.411	654.62	
429.847	507.16	
430.282	647.6	
430.717	689.73	
431.153	841.86	
431.588	717.81	
432.024	680.36	
432.459	619.51	
432.894	603.13	
433.329	586.74	
433.764	781.01	
434.199	954.21	
434.634	1050.17	
435.069	963.57	
435.504	888.67	
435.939	673.34	
436.374	605.47	
436.809	610.15	
437.244	577.38	
437.678	544.61	
438.113	502.48	
438.548	462.69	
438.982	507.16	
439.417	467.38	
439.851	549.29	
440.286	556.32	
440.72	561	
441.154	539.93	
441.589	553.98	
442.023	551.64	
442.457	607.81	
442.891	610.15	
443.326	546.95	
443.76	539.93	
444.194	493.12	
444.628	474.4	
445.062	525.89	
445.495	411.2	
445.929	453.33	
446.363	551.64	
446.797	565.68	
447.23	530.57	
447.664	624.19	
448.098	561	
448.531	628.87	
448.965	556.32	
449.398	570.36	
449.832	472.06	
450.265	591.42	
450.698	535.25	
451.132	603.13	
451.565	656.96	
451.998	790.37	
452.431	769.3	
452.864	736.54	
453.297	593.76	
453.73	596.11	
454.163	504.82	
454.596	530.57	
455.029	528.23	
455.462	532.91	
455.895	532.91	
456.327	474.4	
456.76	551.64	
457.193	649.94	
457.625	568.02	
458.058	521.21	
458.49	598.45	
458.923	572.7	
459.355	472.06	
459.787	528.23	
460.22	532.91	
460.652	572.7	
461.084	544.61	
461.516	556.32	
461.948	565.68	
462.381	558.66	
462.813	563.34	
463.245	530.57	
463.676	500.14	
464.108	551.64	
464.54	598.45	
464.972	572.7	
465.404	565.68	
465.835	607.81	
466.267	582.06	
466.699	624.19	
467.13	572.7	
467.562	509.51	
467.993	521.21	
468.424	521.21	
468.856	504.82	
469.287	511.85	
469.718	570.36	
470.15	556.32	
470.581	546.95	
471.012	586.74	
471.443	649.94	
471.874	586.74	
472.305	612.49	
472.736	579.72	
473.167	561	
473.598	542.27	
474.028	575.04	
474.459	537.59	
474.89	642.92	
475.32	525.89	
475.751	544.61	
476.182	579.72	
476.612	561	
477.043	565.68	
477.473	563.34	
477.903	596.11	
478.334	586.74	
478.764	572.7	
479.194	649.94	
479.624	568.02	
480.054	617.17	
480.484	593.76	
480.914	582.06	
481.344	579.72	
481.774	617.17	
482.204	586.74	
482.634	649.94	
483.064	671	
483.494	568.02	
483.923	577.38	
484.353	603.13	
484.782	640.58	
485.212	640.58	
485.642	668.66	
486.071	589.08	
486.5	621.85	
486.93	542.27	
487.359	621.85	
487.788	579.72	
488.217	591.42	
488.647	598.45	
489.076	600.79	
489.505	589.08	
489.934	656.96	
490.363	596.11	
490.792	647.6	
491.221	699.09	
491.649	605.47	
492.078	652.28	
492.507	612.49	
492.936	656.96	
493.364	589.08	
493.793	570.36	
494.221	682.71	
494.65	598.45	
495.078	666.32	
495.507	624.19	
495.935	666.32	
496.363	633.55	
496.791	671	
497.22	549.29	
497.648	663.98	
498.076	596.11	
498.504	635.89	
498.932	617.17	
499.36	626.53	
499.788	539.93	
500.216	701.43	
500.643	596.11	
501.071	647.6	
501.499	652.28	
501.927	598.45	
502.354	558.66	
502.782	649.94	
503.209	661.64	
503.637	589.08	
504.064	591.42	
504.491	682.71	
504.919	593.76	
505.346	645.26	
505.773	727.18	
506.2	703.77	
506.628	699.09	
507.055	668.66	
507.482	703.77	
507.909	678.02	
508.335	647.6	
508.762	584.4	
509.189	678.02	
509.616	628.87	
510.043	687.39	
510.469	633.55	
510.896	659.3	
511.323	631.21	
511.749	568.02	
512.176	645.26	
512.602	696.75	
513.028	678.02	
513.455	593.76	
513.881	687.39	
514.307	596.11	
514.733	617.17	
515.16	649.94	
515.586	706.11	
516.012	649.94	
516.438	738.88	
516.864	713.13	
517.29	748.24	
517.715	603.13	
518.141	678.02	
518.567	675.68	
518.993	722.49	
519.418	703.77	
519.844	785.69	
520.269	762.28	
520.695	731.86	
521.12	610.15	
521.546	671	
521.971	638.23	
522.396	663.98	
522.822	661.64	
523.247	656.96	
523.672	673.34	
524.097	568.02	
524.522	619.51	
524.947	692.07	
525.372	671	
525.797	680.36	
526.222	659.3	
526.647	680.36	
527.071	708.45	
527.496	640.58	
527.921	635.89	
528.345	640.58	
528.77	593.76	
529.194	635.89	
529.619	631.21	
530.043	628.87	
530.468	617.17	
530.892	645.26	
531.316	591.42	
531.74	654.62	
532.164	647.6	
532.589	610.15	
533.013	675.68	
533.437	591.42	
533.861	619.51	
534.284	731.86	
534.708	600.79	
535.132	652.28	
535.556	699.09	
535.98	694.41	
536.403	703.77	
536.827	628.87	
537.25	640.58	
537.674	654.62	
538.097	516.53	
538.521	675.68	
538.944	713.13	
539.367	678.02	
539.791	647.6	
540.214	642.92	
540.637	647.6	
541.06	656.96	
541.483	607.81	
541.906	647.6	
542.329	626.53	
542.752	675.68	
543.175	731.86	
543.598	647.6	
544.02	685.05	
544.443	614.83	
544.866	671	
545.288	713.13	
545.711	745.9	
546.133	755.26	
546.556	706.11	
546.978	692.07	
547.4	610.15	
547.823	612.49	
548.245	617.17	
548.667	649.94	
549.089	656.96	
549.511	671	
549.933	687.39	
550.355	750.58	
550.777	781.01	
551.199	741.22	
551.621	682.71	
552.043	720.15	
552.465	619.51	
552.886	663.98	
553.308	647.6	
553.729	680.36	
554.151	717.81	
554.572	535.25	
554.994	610.15	
555.415	694.41	
555.837	603.13	
556.258	734.2	
556.679	745.9	
557.1	806.75	
557.521	703.77	
557.942	715.47	
558.363	771.65	
558.784	706.11	
559.205	647.6	
559.626	628.87	
560.047	635.89	
560.468	621.85	
560.888	607.81	
561.309	764.62	
561.73	741.22	
562.15	834.84	
562.571	701.43	
562.991	680.36	
563.412	528.23	
563.832	600.79	
564.252	652.28	
564.673	624.19	
565.093	649.94	
565.513	640.58	
565.933	652.28	
566.353	696.75	
566.773	706.11	
567.193	663.98	
567.613	771.65	
568.033	631.21	
568.452	556.32	
568.872	612.49	
569.292	549.29	
569.711	603.13	
570.131	598.45	
570.551	649.94	
570.97	696.75	
571.389	570.36	
571.809	528.23	
572.228	624.19	
572.647	565.68	
573.067	710.79	
573.486	666.32	
573.905	635.89	
574.324	631.21	
574.743	626.53	
575.162	713.13	
575.581	731.86	
576	694.41	
576.419	668.66	
576.837	666.32	
577.256	610.15	
577.675	605.47	
578.093	666.32	
578.512	682.71	
578.93	591.42	
579.349	699.09	
579.767	738.88	
580.185	694.41	
580.604	694.41	
581.022	769.3	
581.44	720.15	
581.858	708.45	
582.276	661.64	
582.694	652.28	
583.112	708.45	
583.53	642.92	
583.948	720.15	
584.366	682.71	
584.784	696.75	
585.201	720.15	
585.619	668.66	
586.037	713.13	
586.454	694.41	
586.872	617.17	
587.289	638.23	
587.707	682.71	
588.124	652.28	
588.541	680.36	
588.958	769.3	
589.376	806.75	
589.793	839.52	
590.21	832.5	
590.627	729.52	
591.044	680.36	
591.461	708.45	
591.878	790.37	
592.294	825.48	
592.711	759.94	
593.128	678.02	
593.545	752.92	
593.961	710.79	
594.378	769.3	
594.794	699.09	
595.211	762.28	
595.627	682.71	
596.043	689.73	
596.46	675.68	
596.876	645.26	
597.292	612.49	
597.708	661.64	
598.124	607.81	
598.54	699.09	
598.956	619.51	
599.372	607.81	
599.788	682.71	
600.204	694.41	
600.62	687.39	
601.035	671	
601.451	680.36	
601.867	717.81	
602.282	638.23	
602.698	771.65	
603.113	635.89	
603.529	809.09	
603.944	972.93	
604.359	1008.04	
604.774	1047.83	
605.19	900.37	
605.605	977.61	
606.02	769.3	
606.435	776.33	
606.85	736.54	
607.265	759.94	
607.68	701.43	
608.094	614.83	
608.509	638.23	
608.924	649.94	
609.338	610.15	
609.753	624.19	
610.168	593.76	
610.582	605.47	
610.997	598.45	
611.411	586.74	
611.825	504.82	
612.24	631.21	
612.654	621.85	
613.068	614.83	
613.482	565.68	
613.896	568.02	
614.31	561	
614.724	579.72	
615.138	682.71	
615.552	607.81	
615.966	617.17	
616.379	544.61	
616.793	563.34	
617.207	610.15	
617.62	572.7	
618.034	596.11	
618.447	605.47	
618.861	671	
619.274	572.7	
619.687	596.11	
620.101	546.95	
620.514	504.82	
620.927	575.04	
621.34	1354.44	
621.753	626.53	
622.166	631.21	
622.579	628.87	
622.992	579.72	
623.405	659.3	
623.817	586.74	
624.23	603.13	
624.643	516.53	
625.055	591.42	
625.468	607.81	
625.88	551.64	
626.293	589.08	
626.705	525.89	
627.118	436.95	
627.53	483.76	
627.942	577.38	
628.354	530.57	
628.766	525.89	
629.179	542.27	
629.591	542.27	
630.003	589.08	
630.414	542.27	
630.826	600.79	
631.238	544.61	
631.65	633.55	
632.061	600.79	
632.473	647.6	
632.885	633.55	
633.296	521.21	
633.708	556.32	
634.119	474.4	
634.53	577.38	
634.942	514.19	
635.353	486.1	
635.764	514.19	
636.175	528.23	
636.586	546.95	
636.998	568.02	
637.408	610.15	
637.819	577.38	
638.23	603.13	
638.641	631.21	
639.052	663.98	
639.463	619.51	
639.873	673.34	
640.284	654.62	
640.694	565.68	
641.105	600.79	
641.515	600.79	
641.926	666.32	
642.336	727.18	
642.746	846.54	
643.157	853.56	
643.567	656.96	
643.977	727.18	
644.387	752.92	
644.797	556.32	
645.207	596.11	
645.617	577.38	
646.026	649.94	
646.436	687.39	
646.846	617.17	
647.256	561	
647.665	575.04	
648.075	546.95	
648.484	537.59	
648.894	596.11	
649.303	544.61	
649.713	518.87	
650.122	561	
650.531	551.64	
650.94	518.87	
651.349	577.38	
651.758	565.68	
652.167	582.06	
652.576	605.47	
652.985	626.53	
653.394	659.3	
653.803	649.94	
654.212	666.32	
654.62	692.07	
655.029	619.51	
655.437	607.81	
655.846	649.94	
656.254	605.47	
656.663	563.34	
657.071	483.76	
657.479	511.85	
657.888	542.27	
658.296	481.42	
658.704	582.06	
659.112	500.14	
659.52	589.08	
659.928	619.51	
660.336	640.58	
660.744	699.09	
661.152	678.02	
661.559	703.77	
661.967	699.09	
662.375	762.28	
662.782	654.62	
663.19	607.81	
663.597	614.83	
664.005	621.85	
664.412	626.53	
664.819	568.02	
665.226	539.93	
665.634	579.72	
666.041	514.19	
666.448	516.53	
666.855	486.1	
667.262	551.64	
667.669	652.28	
668.075	858.25	
668.482	933.14	
668.889	1059.53	
669.296	947.19	
669.702	827.82	
670.109	752.92	
670.515	640.58	
670.922	647.6	
671.328	619.51	
671.734	561	
672.141	584.4	
672.547	532.91	
672.953	605.47	
673.359	441.63	
673.765	479.08	
674.171	551.64	
674.577	507.16	
674.983	481.42	
675.389	642.92	
675.795	778.67	
676.201	919.1	
676.606	923.78	
677.012	790.37	
677.417	659.3	
677.823	708.45	
678.228	633.55	
678.634	598.45	
679.039	612.49	
679.444	490.78	
679.849	472.06	
680.255	546.95	
680.66	493.12	
681.065	434.61	
681.47	476.74	
681.875	481.42	
682.28	443.97	
682.684	420.57	
683.089	453.33	
683.494	469.72	
683.899	434.61	
684.303	425.25	
684.708	479.08	
685.112	453.33	
685.517	413.54	
685.921	443.97	
686.325	425.25	
686.729	422.91	
687.134	523.55	
687.538	614.83	
687.942	757.6	
688.346	766.96	
688.75	736.54	
689.154	600.79	
689.558	495.46	
689.961	413.54	
690.365	436.95	
690.769	476.74	
691.173	469.72	
691.576	488.44	
691.98	394.82	
692.383	387.8	
692.786	521.21	
693.19	479.08	
693.593	469.72	
693.996	553.98	
694.399	556.32	
694.803	687.39	
695.206	610.15	
695.609	610.15	
696.012	680.36	
696.414	1684.45	
696.817	7957.09	
697.22	13698.42	
697.623	16890.91	
698.025	13377.77	
698.428	8755.21	
698.831	5820.18	
699.233	3685.61	
699.636	2332.78	
700.038	1742.97	
700.44	1120.39	
700.842	804.41	
701.245	603.13	
701.647	521.21	
702.049	516.53	
702.451	406.52	
702.853	502.48	
703.255	603.13	
703.657	706.11	
704.058	722.49	
704.46	696.75	
704.862	654.62	
705.264	589.08	
705.665	495.46	
706.067	568.02	
706.468	935.48	
706.869	4074.14	
707.271	8390.09	
707.672	10978.72	
708.073	10583.17	
708.474	6845.34	
708.876	4706.09	
709.277	3100.48	
709.678	2021.49	
710.079	1511.25	
710.479	1134.43	
710.88	841.86	
711.281	628.87	
711.682	488.44	
712.082	537.59	
712.483	460.35	
712.883	465.04	
713.284	469.72	
713.684	549.29	
714.085	514.19	
714.485	493.12	
714.885	1071.23	
715.285	1696.16	
715.686	1993.41	
716.086	1785.1	
716.486	1464.44	
716.886	1155.49	
717.285	834.84	
717.685	685.05	
718.085	621.85	
718.485	532.91	
718.884	504.82	
719.284	441.63	
719.684	394.82	
720.083	378.44	
720.483	432.27	
720.882	408.86	
721.281	422.91	
721.68	483.76	
722.08	537.59	
722.479	427.59	
722.878	462.69	
723.277	483.76	
723.676	458.01	
724.075	486.1	
724.474	546.95	
724.872	467.38	
725.271	425.25	
725.67	465.04	
726.068	521.21	
726.467	462.69	
726.865	553.98	
727.264	1038.47	
727.662	2489.6	
728.061	3580.29	
728.459	3978.18	
728.857	2833.66	
729.255	2023.83	
729.653	1476.15	
730.051	1202.3	
730.449	923.78	
730.847	654.62	
731.245	633.55	
731.643	551.64	
732.041	532.91	
732.438	621.85	
732.836	483.76	
733.233	392.48	
733.631	441.63	
734.028	408.86	
734.426	439.29	
734.823	462.69	
735.22	460.35	
735.617	671	
736.015	584.4	
736.412	568.02	
736.809	584.4	
737.206	666.32	
737.603	883.99	
737.999	1127.41	
738.396	4142.02	
738.793	11037.24	
739.19	15098.06	
739.586	15779.16	
739.983	10868.72	
740.379	7446.85	
740.776	4813.75	
741.172	3041.97	
741.568	2119.79	
741.965	1705.52	
742.361	1258.48	
742.757	928.46	
743.153	685.05	
743.549	537.59	
743.945	549.29	
744.341	631.21	
744.737	572.7	
745.133	568.02	
745.528	561	
745.924	584.4	
746.32	514.19	
746.715	553.98	
747.111	556.32	
747.506	549.29	
747.901	692.07	
748.297	582.06	
748.692	666.32	
749.087	738.88	
749.482	715.47	
749.877	1059.53	
750.272	5000.99	
750.667	19690.2	
751.062	30732.84	
751.457	41159.93	
751.852	40315	
752.247	37178.68	
752.641	31921.84	
753.036	20244.9	
753.43	13148.4	
753.825	8614.78	
754.219	5895.08	
754.614	3945.41	
755.008	2850.04	
755.402	2040.22	
755.796	1405.93	
756.19	837.18	
756.584	748.24	
756.978	556.32	
757.372	549.29	
757.766	488.44	
758.16	593.76	
758.554	507.16	
758.948	542.27	
759.341	481.42	
759.735	614.83	
760.128	537.59	
760.522	525.89	
760.915	549.29	
761.308	504.82	
761.702	546.95	
762.095	724.83	
762.488	736.54	
762.881	963.57	
763.274	4270.75	
763.667	23690.17	
764.06	42611.06	
764.453	49838.64	
764.846	42140.61	
765.239	25691.33	
765.631	15863.42	
766.024	9885.69	
766.416	6646.39	
766.809	4944.82	
767.201	4116.27	
767.594	3004.52	
767.986	1845.95	
768.378	1139.11	
768.77	811.43	
769.163	706.11	
769.555	582.06	
769.947	586.74	
770.339	500.14	
770.73	663.98	
771.122	575.04	
771.514	596.11	
771.906	827.82	
772.297	3725.4	
772.689	11690.24	
773.081	17249.02	
773.472	18990.38	
773.863	12867.53	
774.255	7921.98	
774.646	5045.46	
775.037	3350.92	
775.428	2400.66	
775.82	1913.83	
776.211	1696.16	
776.602	1293.58	
776.993	872.29	
777.383	518.87	
777.774	528.23	
778.165	446.31	
778.556	450.99	
778.946	432.27	
779.337	420.57	
779.727	364.39	
780.118	458.01	
780.508	352.69	
780.898	436.95	
781.289	376.09	
781.679	441.63	
782.069	390.14	
782.459	308.22	
782.849	462.69	
783.239	483.76	
783.629	408.86	
784.019	425.25	
784.408	446.31	
784.798	373.75	
785.188	359.71	
785.577	462.69	
785.967	369.07	
786.356	397.16	
786.746	371.41	
787.135	387.8	
787.524	378.44	
787.914	443.97	
788.303	448.65	
788.692	308.22	
789.081	397.16	
789.47	434.61	
789.859	476.74	
790.248	474.4	
790.636	441.63	
791.025	411.2	
791.414	387.8	
791.802	488.44	
792.191	406.52	
792.579	460.35	
792.968	394.82	
793.356	415.88	
793.744	422.91	
794.133	523.55	
794.521	1167.2	
794.909	5113.34	
795.297	8902.67	
795.685	10992.76	
796.073	9204.6	
796.461	5448.04	
796.848	3863.49	
797.236	2627.69	
797.624	1817.86	
798.011	1391.89	
798.399	1181.24	
798.787	1132.09	
799.174	827.82	
799.561	675.68	
799.949	663.98	
800.336	1321.67	
800.723	4827.79	
801.11	8879.26	
801.497	15552.13	
801.884	19531.04	
802.271	18707.17	
802.658	15849.38	
803.045	9782.71	
803.432	6189.99	
803.818	4542.25	
804.205	3217.51	
804.591	2445.13	
804.978	2070.64	
805.364	1710.2	
805.751	1326.35	
806.137	954.21	
806.523	582.06	
806.91	586.74	
807.296	542.27	
807.682	514.19	
808.068	497.8	
808.454	572.7	
808.84	406.52	
809.225	549.29	
809.611	624.19	
809.997	1302.95	
810.382	5380.16	
810.768	10424.01	
811.153	14604.21	
811.539	24031.89	
811.924	31346.06	
812.31	35182.2	
812.695	30889.66	
813.08	18182.89	
813.465	12266.02	
813.85	8820.75	
814.235	6063.6	
814.62	4493.1	
815.005	3517.09	
815.39	3025.58	
815.775	2379.59	
816.159	1665.73	
816.544	1036.13	
816.929	682.71	
817.313	633.55	
817.697	483.76	
818.082	446.31	
818.466	443.97	
818.85	413.54	
819.235	486.1	
819.619	458.01	
820.003	443.97	
820.387	425.25	
820.771	357.37	
821.155	362.05	
821.538	376.09	
821.922	373.75	
822.306	303.54	
822.689	427.59	
823.073	373.75	
823.457	465.04	
823.84	418.22	
824.223	411.2	
824.607	406.52	
824.99	455.67	
825.373	383.12	
825.756	462.69	
826.139	1003.36	
826.522	3402.41	
826.905	5513.57	
827.288	6466.17	
827.671	5312.28	
828.054	3451.56	
828.436	2550.45	
828.819	1869.36	
829.201	1347.42	
829.584	1206.99	
829.966	1043.15	
830.349	907.4	
830.731	757.6	
831.113	633.55	
831.495	488.44	
831.878	448.65	
832.26	422.91	
832.642	460.35	
833.024	439.29	
833.405	404.18	
833.787	338.65	
834.169	357.37	
834.551	399.5	
834.932	343.33	
835.314	408.86	
835.695	408.86	
836.077	376.09	
836.458	443.97	
836.839	504.82	
837.22	373.75	
837.602	369.07	
837.983	380.78	
838.364	420.57	
838.745	366.73	
839.126	394.82	
839.506	495.46	
839.887	439.29	
840.268	685.05	
840.649	2103.41	
841.029	5085.25	
841.41	7247.91	
841.79	7875.17	
842.171	7304.08	
842.551	10175.92	
842.931	13309.9	
843.311	14405.27	
843.691	11727.69	
844.072	7912.62	
844.452	5857.63	
844.832	4474.37	
845.211	3205.8	
845.591	2442.79	
845.971	1874.04	
846.351	1717.22	
846.73	1499.55	
847.11	1071.23	
847.489	727.18	
847.869	582.06	
848.248	420.57	
848.627	432.27	
849.007	434.61	
849.386	364.39	
849.765	432.27	
850.144	371.41	
850.523	376.09	
850.902	373.75	
851.281	418.22	
851.66	586.74	
852.038	1445.72	
852.417	2974.09	
852.796	3802.64	
853.174	4076.48	
853.553	3299.42	
853.931	2307.04	
854.309	1824.89	
854.688	1396.57	
855.066	1085.28	
855.444	818.46	
855.822	766.96	
856.2	769.3	
856.578	699.09	
856.956	605.47	
857.334	443.97	
857.712	394.82	
858.089	394.82	
858.467	326.94	
858.844	336.31	
859.222	317.58	
859.599	338.65	
859.977	390.14	
860.354	324.6	
860.731	432.27	
861.109	343.33	
861.486	422.91	
861.863	326.94	
862.24	415.88	
862.617	362.05	
862.993	387.8	
863.37	352.69	
863.747	324.6	
864.124	355.03	
864.5	336.31	
864.877	392.48	
865.253	369.07	
865.63	415.88	
866.006	390.14	
866.382	408.86	
866.758	502.48	
867.135	813.78	
867.511	935.48	
867.887	1001.02	
868.263	902.72	
868.639	706.11	
869.014	591.42	
869.39	544.61	
869.766	493.12	
870.141	504.82	
870.517	458.01	
870.892	408.86	
871.268	521.21	
871.643	401.84	
872.019	357.37	
872.394	408.86	
872.769	369.07	
873.144	350.35	
873.519	352.69	
873.894	287.15	
874.269	340.99	
874.644	373.75	
875.019	420.57	
875.393	312.9	
875.768	350.35	
876.143	378.44	
876.517	324.6	
876.891	380.78	
877.266	401.84	
877.64	322.26	
878.014	345.67	
878.389	383.12	
878.763	317.58	
879.137	413.54	
879.511	322.26	
879.885	385.46	
880.259	502.48	
880.632	319.92	
881.006	418.22	
881.38	303.54	
881.753	366.73	
882.127	252.05	
882.5	376.09	
882.874	350.35	
883.247	340.99	
883.62	273.11	
883.994	371.41	
884.367	296.52	
884.74	364.39	
885.113	336.31	
885.486	380.78	
885.859	383.12	
886.231	275.45	
886.604	329.28	
886.977	474.4	
887.349	355.03	
887.722	343.33	
888.094	298.86	
888.467	333.97	
888.839	406.52	
889.211	343.33	
889.584	392.48	
889.956	385.46	
890.328	359.71	
890.7	378.44	
891.072	350.35	
891.444	399.5	
891.816	366.73	
892.187	401.84	
892.559	289.5	
892.931	336.31	
893.302	331.62	
893.674	357.37	
894.045	404.18	
894.416	371.41	
894.788	324.6	
895.159	294.18	
895.53	333.97	
895.901	324.6	
896.272	434.61	
896.643	340.99	
897.014	252.05	
897.385	378.44	
897.756	312.9	
898.126	294.18	
898.497	326.94	
898.867	296.52	
899.238	331.62	
899.608	252.05	
899.979	425.25	
900.349	362.05	
900.719	312.9	
901.089	392.48	
901.459	259.07	
901.829	355.03	
902.199	298.86	
902.569	317.58	
902.939	352.69	
903.309	378.44	
903.679	348.01	
904.048	348.01	
904.418	376.09	
904.787	411.2	
905.157	350.35	
905.526	348.01	
905.895	301.2	
906.265	399.5	
906.634	390.14	
907.003	345.67	
907.372	376.09	
907.741	329.28	
908.11	392.48	
908.478	373.75	
908.847	408.86	
909.216	371.41	
909.585	385.46	
909.953	324.6	
910.322	338.65	
910.69	378.44	
911.058	378.44	
911.427	362.05	
911.795	486.1	
912.163	483.76	
912.531	781.01	
912.899	1403.59	
913.267	2569.18	
913.635	3905.62	
914.003	4502.46	
914.37	4090.53	
914.738	3058.35	
915.106	2133.84	
915.473	1766.37	
915.841	1335.71	
916.208	1237.41	
916.575	1160.17	
916.943	1129.75	
917.31	912.08	
917.677	598.45	
918.044	610.15	
918.411	811.43	
918.778	406.52	
919.145	420.57	
919.512	371.41	
919.879	418.22	
920.245	345.67	
920.612	401.84	
920.978	348.01	
921.345	373.75	
921.711	397.16	
922.078	366.73	
922.444	436.95	
922.81	390.14	
923.176	553.98	
923.542	771.65	
923.908	937.82	
924.274	1216.35	
924.64	1221.03	
925.006	984.63	
925.371	837.18	
925.737	722.49	
926.103	671	
926.468	523.55	
926.834	596.11	
927.199	532.91	
927.564	525.89	
927.93	439.29	
928.295	394.82	
928.66	359.71	
929.025	352.69	
929.39	319.92	
929.755	371.41	
930.12	366.73	
930.484	378.44	
930.849	355.03	
931.214	329.28	
931.578	364.39	
931.943	362.05	
932.307	439.29	
932.672	385.46	
933.036	366.73	
933.4	408.86	
933.764	303.54	
934.128	343.33	
934.492	277.79	
934.856	352.69	
935.22	322.26	
935.584	345.67	
935.948	340.99	
936.311	392.48	
936.675	303.54	
937.039	415.88	
937.402	348.01	
937.765	345.67	
938.129	418.22	
938.492	322.26	
938.855	359.71	
939.218	319.92	
939.581	305.88	
939.944	331.62	
940.307	364.39	
940.67	364.39	
941.033	343.33	
941.396	359.71	
941.758	294.18	
942.121	324.6	
942.483	404.18	
942.846	326.94	
943.208	289.5	
943.571	303.54	
943.933	280.13	
944.295	362.05	
944.657	408.86	
945.019	348.01	
945.381	298.86	
945.743	399.5	
946.105	336.31	
946.467	434.61	
946.828	305.88	
947.19	399.5	
947.551	308.22	
947.913	348.01	
948.274	355.03	
948.636	443.97	
948.997	392.48	
949.358	249.71	
949.719	296.52	
950.08	376.09	
950.441	350.35	
950.802	408.86	
951.163	312.9	
951.524	378.44	
951.885	338.65	
952.245	350.35	
952.606	298.86	
952.966	280.13	
953.327	350.35	
953.687	404.18	
954.047	383.12	
954.408	315.24	
954.768	282.47	
955.128	312.9	
955.488	333.97	
955.848	296.52	
956.208	340.99	
956.568	305.88	
956.927	280.13	
957.287	359.71	
957.647	308.22	
958.006	355.03	
958.366	345.67	
958.725	329.28	
959.084	397.16	
959.444	319.92	
959.803	343.33	
960.162	404.18	
960.521	352.69	
960.88	355.03	
961.239	348.01	
961.598	317.58	
961.957	357.37	
962.315	298.86	
962.674	376.09	
963.033	333.97	
963.391	394.82	
963.75	305.88	
964.108	357.37	
964.466	329.28	
964.824	340.99	
965.183	385.46	
965.541	359.71	
965.899	394.82	
966.257	352.69	
966.614	364.39	
966.972	418.22	
967.33	336.31	
967.688	362.05	
968.045	397.16	
968.403	446.31	
968.76	462.69	
969.118	535.25	
969.475	509.51	
969.832	561	
970.189	514.19	
970.546	579.72	
970.903	558.66	
971.26	411.2	
971.617	371.41	
971.974	399.5	
972.331	319.92	
972.688	317.58	
973.044	385.46	
973.401	275.45	
973.757	434.61	
974.114	315.24	
974.47	315.24	
974.826	324.6	
975.182	294.18	
975.538	275.45	
975.895	298.86	
976.251	340.99	
976.606	345.67	
976.962	369.07	
977.318	345.67	
977.674	343.33	
978.029	336.31	
978.385	324.6	
978.74	340.99	
979.096	376.09	
979.451	322.26	
979.806	329.28	
980.162	336.31	
980.517	443.97	
980.872	390.14	
981.227	340.99	
981.582	333.97	
981.937	352.69	
982.291	392.48	
982.646	280.13	
983.001	364.39	
983.355	355.03	
983.71	266.09	
984.064	310.56	
984.419	333.97	
984.773	296.52	
985.127	399.5	
985.481	303.54	
985.835	277.79	
986.189	322.26	
986.543	298.86	
986.897	401.84	
987.251	289.5	
987.605	387.8	
987.958	373.75	
988.312	357.37	
988.665	371.41	
989.019	333.97	
989.372	308.22	
989.725	291.84	
990.079	324.6	
990.432	303.54	
990.785	359.71	
991.138	394.82	
991.491	371.41	
991.844	308.22	
992.197	312.9	
992.549	411.2	
992.902	371.41	
993.254	373.75	
993.607	319.92	
993.959	280.13	
994.312	343.33	
994.664	275.45	
995.016	333.97	
995.368	305.88	
995.721	301.2	
996.073	373.75	
996.425	308.22	
996.776	312.9	
997.128	317.58	
997.48	324.6	
997.832	263.75	
998.183	277.79	
998.535	350.35	
998.886	371.41	
999.237	317.58	
999.589	390.14	
999.94	294.18	
1000.291	378.44	
1000.642	340.99	
1000.993	362.05	
1001.344	392.48	
1001.695	284.81	
1002.046	359.71	
1002.397	350.35	
1002.747	303.54	
1003.098	394.82	
1003.448	378.44	
1003.799	340.99	
1004.149	331.62	
1004.499	322.26	
1004.85	348.01	
1005.2	303.54	
1005.55	331.62	
1005.9	312.9	
1006.25	336.31	
1006.6	305.88	
1006.949	359.71	
1007.299	355.03	
1007.649	326.94	
1007.998	390.14	
1008.348	373.75	
1008.697	355.03	
1009.047	305.88	
1009.396	282.47	
1009.745	392.48	
1010.094	296.52	
1010.443	329.28	
1010.792	378.44	
1011.141	348.01	
1011.49	348.01	
1011.839	331.62	
1012.188	366.73	
1012.536	378.44	
1012.885	348.01	
1013.233	329.28	
1013.582	359.71	
1013.93	315.24	
1014.278	317.58	
1014.627	301.2	
1014.975	338.65	
1015.323	340.99	
1015.671	336.31	
1016.019	385.46	
1016.367	329.28	
1016.714	394.82	
1017.062	336.31	
1017.41	319.92	
1017.757	376.09	
1018.105	348.01	
1018.452	380.78	
1018.8	287.15	
1019.147	338.65	
1019.494	310.56	
1019.841	301.2	
1020.188	312.9	
1020.535	266.09	
1020.882	273.11	
1021.229	357.37	
1021.576	352.69	
1021.922	308.22	
1022.269	331.62	
1022.615	324.6	
1022.962	296.52	
1023.308	296.52	
1023.655	296.52	
