FLMS05814_1:101		
188,012	-64,51	
188,47	-64,51	
188,927	-64,51	
189,385	-92,6	
189,842	-97,28	
190,3	-45,79	
190,757	-92,6	
191,215	-34,08	
191,672	1,02	
192,129	-15,36	
192,586	-31,74	
193,044	-41,11	
193,501	-38,77	
193,958	-31,74	
194,415	3,36	
194,872	12,73	
195,329	-6	
195,787	1,02	
196,244	96,99	
196,7	92,3	
197,157	129,75	
197,614	148,48	
198,071	127,41	
198,528	157,84	
198,985	183,59	
199,441	160,18	
199,898	249,12	
200,355	246,78	
200,812	272,53	
201,268	214,01	
201,725	253,8	
202,181	293,59	
202,638	298,27	
203,094	258,48	
203,551	333,38	
204,007	309,97	
204,463	279,55	
204,92	267,85	
205,376	345,08	
205,832	274,87	
206,288	309,97	
206,744	342,74	
207,201	345,08	
207,657	314,66	
208,113	293,59	
208,569	291,25	
209,025	321,68	
209,481	305,29	
209,937	284,23	
210,392	298,27	
210,848	281,89	
211,304	331,04	
211,76	256,14	
212,215	246,78	
212,671	347,42	
213,127	314,66	
213,582	335,72	
214,038	307,63	
214,494	387,21	
214,949	338,06	
215,404	279,55	
215,86	314,66	
216,315	324,02	
216,771	368,49	
217,226	249,12	
217,681	295,93	
218,136	317	
218,592	317	
219,047	270,19	
219,502	298,27	
219,957	274,87	
220,412	305,29	
220,867	286,57	
221,322	356,79	
221,777	295,93	
222,232	284,23	
222,687	274,87	
223,142	345,08	
223,596	249,12	
224,051	279,55	
224,506	317	
224,96	260,82	
225,415	272,53	
225,87	279,55	
226,324	258,48	
226,779	295,93	
227,233	263,16	
227,688	263,16	
228,142	295,93	
228,597	246,78	
229,051	284,23	
229,505	328,7	
229,959	305,29	
230,414	274,87	
230,868	302,95	
231,322	274,87	
231,776	328,7	
232,23	279,55	
232,684	312,32	
233,138	246,78	
233,592	242,1	
234,046	277,21	
234,5	291,25	
234,954	312,32	
235,408	270,19	
235,861	328,7	
236,315	284,23	
236,769	324,02	
237,222	335,72	
237,676	267,85	
238,13	356,79	
238,583	312,32	
239,037	321,68	
239,49	342,74	
239,944	251,46	
240,397	328,7	
240,85	293,59	
241,304	345,08	
241,757	256,14	
242,21	324,02	
242,663	216,35	
243,117	284,23	
243,57	328,7	
244,023	345,08	
244,476	237,42	
244,929	352,1	
245,382	237,42	
245,835	225,72	
246,288	281,89	
246,741	256,14	
247,193	279,55	
247,646	298,27	
248,099	286,57	
248,552	295,93	
249,004	251,46	
249,457	305,29	
249,909	277,21	
250,362	312,32	
250,814	317	
251,267	309,97	
251,719	321,68	
252,172	345,08	
252,624	317	
253,076	319,34	
253,529	324,02	
253,981	354,44	
254,433	300,61	
254,885	295,93	
255,337	277,21	
255,79	274,87	
256,242	324,02	
256,694	300,61	
257,146	335,72	
257,598	335,72	
258,049	298,27	
258,501	368,49	
258,953	291,25	
259,405	366,15	
259,857	347,42	
260,308	239,76	
260,76	284,23	
261,212	230,4	
261,663	309,97	
262,115	319,34	
262,566	307,63	
263,018	228,06	
263,469	349,76	
263,92	347,42	
264,372	356,79	
264,823	366,15	
265,274	293,59	
265,726	434,02	
266,177	300,61	
266,628	324,02	
267,079	352,1	
267,53	256,14	
267,981	373,17	
268,432	305,29	
268,883	251,46	
269,334	251,46	
269,785	284,23	
270,236	324,02	
270,687	340,4	
271,137	342,74	
271,588	286,57	
272,039	349,76	
272,489	340,4	
272,94	340,4	
273,391	377,85	
273,841	298,27	
274,292	312,32	
274,742	331,04	
275,192	293,59	
275,643	321,68	
276,093	281,89	
276,543	307,63	
276,994	298,27	
277,444	387,21	
277,894	377,85	
278,344	356,79	
278,794	352,1	
279,244	384,87	
279,694	326,36	
280,144	199,97	
280,594	267,85	
281,044	326,36	
281,494	356,79	
281,944	300,61	
282,394	363,81	
282,843	335,72	
283,293	300,61	
283,743	314,66	
284,192	384,87	
284,642	300,61	
285,091	333,38	
285,541	328,7	
285,99	368,49	
286,44	295,93	
286,889	352,1	
287,338	359,13	
287,788	370,83	
288,237	279,55	
288,686	345,08	
289,135	349,76	
289,584	363,81	
290,034	279,55	
290,483	286,57	
290,932	366,15	
291,381	293,59	
291,83	305,29	
292,278	384,87	
292,727	335,72	
293,176	403,6	
293,625	349,76	
294,074	373,17	
294,522	225,72	
294,971	366,15	
295,42	366,15	
295,868	321,68	
296,317	309,97	
296,765	295,93	
297,214	338,06	
297,662	347,42	
298,11	405,94	
298,559	370,83	
299,007	410,62	
299,455	366,15	
299,903	356,79	
300,352	382,53	
300,8	401,26	
301,248	286,57	
301,696	366,15	
302,144	309,97	
302,592	314,66	
303,04	361,47	
303,488	415,3	
303,936	319,34	
304,383	338,06	
304,831	331,04	
305,279	317	
305,727	377,85	
306,174	328,7	
306,622	258,48	
307,069	331,04	
307,517	375,51	
307,964	307,63	
308,412	314,66	
308,859	354,44	
309,306	293,59	
309,754	305,29	
310,201	281,89	
310,648	260,82	
311,096	305,29	
311,543	373,17	
311,99	270,19	
312,437	300,61	
312,884	277,21	
313,331	349,76	
313,778	286,57	
314,225	314,66	
314,672	366,15	
315,118	363,81	
315,565	312,32	
316,012	377,85	
316,459	387,21	
316,905	338,06	
317,352	328,7	
317,798	368,49	
318,245	373,17	
318,691	317	
319,138	333,38	
319,584	281,89	
320,031	326,36	
320,477	370,83	
320,923	384,87	
321,37	363,81	
321,816	300,61	
322,262	305,29	
322,708	293,59	
323,154	352,1	
323,6	408,28	
324,046	309,97	
324,492	368,49	
324,938	340,4	
325,384	288,91	
325,83	321,68	
326,276	324,02	
326,721	340,4	
327,167	349,76	
327,613	319,34	
328,058	242,1	
328,504	288,91	
328,949	326,36	
329,395	317	
329,84	309,97	
330,286	347,42	
330,731	338,06	
331,177	328,7	
331,622	267,85	
332,067	267,85	
332,512	324,02	
332,957	295,93	
333,403	356,79	
333,848	359,13	
334,293	298,27	
334,738	335,72	
335,183	345,08	
335,628	347,42	
336,072	363,81	
336,517	249,12	
336,962	244,44	
337,407	417,64	
337,852	389,55	
338,296	464,45	
338,741	354,44	
339,185	394,23	
339,63	401,26	
340,074	326,36	
340,519	391,89	
340,963	338,06	
341,408	295,93	
341,852	370,83	
342,296	408,28	
342,741	450,41	
343,185	464,45	
343,629	513,6	
344,073	312,32	
344,517	317	
344,961	361,47	
345,405	466,79	
345,849	534,67	
346,293	471,47	
346,737	506,58	
347,181	649,35	
347,624	572,11	
348,068	614,24	
348,512	658,71	
348,955	389,55	
349,399	368,49	
349,843	403,6	
350,286	345,08	
350,73	363,81	
351,173	396,57	
351,617	424,66	
352,06	380,19	
352,503	548,71	
352,946	600,2	
353,39	593,18	
353,833	471,47	
354,276	349,76	
354,719	377,85	
355,162	361,47	
355,605	391,89	
356,048	326,36	
356,491	382,53	
356,934	359,13	
357,377	359,13	
357,82	305,29	
358,262	347,42	
358,705	258,48	
359,148	391,89	
359,59	443,39	
360,033	490,2	
360,475	623,61	
360,918	593,18	
361,36	427	
361,803	368,49	
362,245	335,72	
362,688	405,94	
363,13	410,62	
363,572	354,44	
364,014	368,49	
364,456	291,25	
364,899	326,36	
365,341	333,38	
365,783	398,92	
366,225	368,49	
366,667	286,57	
367,108	389,55	
367,55	405,94	
367,992	293,59	
368,434	335,72	
368,876	331,04	
369,317	377,85	
369,759	448,07	
370,201	321,68	
370,642	366,15	
371,084	317	
371,525	326,36	
371,966	427	
372,408	288,91	
372,849	417,64	
373,29	356,79	
373,732	366,15	
374,173	326,36	
374,614	347,42	
375,055	354,44	
375,496	295,93	
375,937	286,57	
376,378	347,42	
376,819	375,51	
377,26	375,51	
377,701	279,55	
378,142	331,04	
378,583	319,34	
379,023	281,89	
379,464	375,51	
379,905	366,15	
380,345	340,4	
380,786	300,61	
381,226	342,74	
381,667	333,38	
382,107	394,23	
382,548	256,14	
382,988	370,83	
383,428	317	
383,868	321,68	
384,309	319,34	
384,749	373,17	
385,189	312,32	
385,629	361,47	
386,069	335,72	
386,509	389,55	
386,949	352,1	
387,389	345,08	
387,829	302,95	
388,268	319,34	
388,708	307,63	
389,148	387,21	
389,588	309,97	
390,027	368,49	
390,467	366,15	
390,906	380,19	
391,346	298,27	
391,785	347,42	
392,225	345,08	
392,664	338,06	
393,103	363,81	
393,543	328,7	
393,982	342,74	
394,421	319,34	
394,86	403,6	
395,299	305,29	
395,738	356,79	
396,177	391,89	
396,616	347,42	
397,055	366,15	
397,494	354,44	
397,933	352,1	
398,372	338,06	
398,81	347,42	
399,249	328,7	
399,688	314,66	
400,126	359,13	
400,565	370,83	
401,004	361,47	
401,442	309,97	
401,88	293,59	
402,319	279,55	
402,757	363,81	
403,195	307,63	
403,634	352,1	
404,072	363,81	
404,51	366,15	
404,948	347,42	
405,386	235,08	
405,824	345,08	
406,262	352,1	
406,7	347,42	
407,138	356,79	
407,576	277,21	
408,014	412,96	
408,452	419,98	
408,889	361,47	
409,327	324,02	
409,765	284,23	
410,202	295,93	
410,64	338,06	
411,077	377,85	
411,515	345,08	
411,952	284,23	
412,389	382,53	
412,827	277,21	
413,264	331,04	
413,701	309,97	
414,138	326,36	
414,575	352,1	
415,013	345,08	
415,45	391,89	
415,887	398,92	
416,324	384,87	
416,76	345,08	
417,197	431,68	
417,634	412,96	
418,071	317	
418,508	319,34	
418,944	389,55	
419,381	380,19	
419,818	281,89	
420,254	333,38	
420,691	394,23	
421,127	312,32	
421,563	312,32	
422	370,83	
422,436	331,04	
422,872	309,97	
423,309	335,72	
423,745	312,32	
424,181	307,63	
424,617	288,91	
425,053	347,42	
425,489	328,7	
425,925	363,81	
426,361	309,97	
426,797	286,57	
427,233	347,42	
427,668	338,06	
428,104	366,15	
428,54	314,66	
428,975	312,32	
429,411	309,97	
429,847	338,06	
430,282	389,55	
430,717	293,59	
431,153	373,17	
431,588	277,21	
432,024	328,7	
432,459	377,85	
432,894	331,04	
433,329	328,7	
433,764	382,53	
434,199	384,87	
434,634	302,95	
435,069	270,19	
435,504	319,34	
435,939	394,23	
436,374	370,83	
436,809	373,17	
437,244	338,06	
437,678	398,92	
438,113	380,19	
438,548	321,68	
438,982	328,7	
439,417	295,93	
439,851	335,72	
440,286	405,94	
440,72	345,08	
441,154	384,87	
441,589	359,13	
442,023	314,66	
442,457	373,17	
442,891	328,7	
443,326	380,19	
443,76	359,13	
444,194	349,76	
444,628	394,23	
445,062	384,87	
445,495	331,04	
445,929	312,32	
446,363	373,17	
446,797	403,6	
447,23	394,23	
447,664	321,68	
448,098	340,4	
448,531	389,55	
448,965	319,34	
449,398	295,93	
449,832	293,59	
450,265	340,4	
450,698	354,44	
451,132	319,34	
451,565	265,5	
451,998	298,27	
452,431	312,32	
452,864	300,61	
453,297	352,1	
453,73	312,32	
454,163	305,29	
454,596	312,32	
455,029	375,51	
455,462	387,21	
455,895	363,81	
456,327	387,21	
456,76	331,04	
457,193	333,38	
457,625	405,94	
458,058	455,09	
458,49	312,32	
458,923	354,44	
459,355	373,17	
459,787	321,68	
460,22	321,68	
460,652	359,13	
461,084	309,97	
461,516	356,79	
461,948	331,04	
462,381	359,13	
462,813	340,4	
463,245	328,7	
463,676	305,29	
464,108	326,36	
464,54	349,76	
464,972	345,08	
465,404	333,38	
465,835	368,49	
466,267	403,6	
466,699	368,49	
467,13	366,15	
467,562	438,7	
467,993	345,08	
468,424	361,47	
468,856	396,57	
469,287	366,15	
469,718	370,83	
470,15	314,66	
470,581	377,85	
471,012	377,85	
471,443	375,51	
471,874	415,3	
472,305	349,76	
472,736	405,94	
473,167	317	
473,598	305,29	
474,028	368,49	
474,459	274,87	
474,89	377,85	
475,32	366,15	
475,751	298,27	
476,182	448,07	
476,612	302,95	
477,043	279,55	
477,473	324,02	
477,903	286,57	
478,334	398,92	
478,764	345,08	
479,194	347,42	
479,624	298,27	
480,054	377,85	
480,484	354,44	
480,914	389,55	
481,344	366,15	
481,774	394,23	
482,204	331,04	
482,634	352,1	
483,064	401,26	
483,494	309,97	
483,923	370,83	
484,353	345,08	
484,782	331,04	
485,212	352,1	
485,642	398,92	
486,071	387,21	
486,5	356,79	
486,93	349,76	
487,359	391,89	
487,788	434,02	
488,217	359,13	
488,647	324,02	
489,076	359,13	
489,505	380,19	
489,934	354,44	
490,363	387,21	
490,792	434,02	
491,221	345,08	
491,649	429,34	
492,078	398,92	
492,507	419,98	
492,936	340,4	
493,364	403,6	
493,793	300,61	
494,221	387,21	
494,65	412,96	
495,078	321,68	
495,507	328,7	
495,935	314,66	
496,363	345,08	
496,791	380,19	
497,22	405,94	
497,648	328,7	
498,076	321,68	
498,504	375,51	
498,932	373,17	
499,36	331,04	
499,788	403,6	
500,216	363,81	
500,643	375,51	
501,071	408,28	
501,499	345,08	
501,927	338,06	
502,354	408,28	
502,782	370,83	
503,209	373,17	
503,637	347,42	
504,064	394,23	
504,491	405,94	
504,919	415,3	
505,346	417,64	
505,773	361,47	
506,2	333,38	
506,628	298,27	
507,055	345,08	
507,482	345,08	
507,909	368,49	
508,335	391,89	
508,762	366,15	
509,189	469,13	
509,616	441,04	
510,043	368,49	
510,469	361,47	
510,896	328,7	
511,323	384,87	
511,749	384,87	
512,176	443,39	
512,602	476,15	
513,028	464,45	
513,455	408,28	
513,881	342,74	
514,307	359,13	
514,733	333,38	
515,16	354,44	
515,586	401,26	
516,012	471,47	
516,438	415,3	
516,864	349,76	
517,29	333,38	
517,715	347,42	
518,141	298,27	
518,567	284,23	
518,993	345,08	
519,418	359,13	
519,844	361,47	
520,269	366,15	
520,695	396,57	
521,12	427	
521,546	443,39	
521,971	382,53	
522,396	455,09	
522,822	419,98	
523,247	405,94	
523,672	326,36	
524,097	319,34	
524,522	368,49	
524,947	333,38	
525,372	429,34	
525,797	286,57	
526,222	333,38	
526,647	317	
527,071	387,21	
527,496	361,47	
527,921	345,08	
528,345	419,98	
528,77	305,29	
529,194	317	
529,619	307,63	
530,043	384,87	
530,468	375,51	
530,892	415,3	
531,316	342,74	
531,74	366,15	
532,164	352,1	
532,589	342,74	
533,013	377,85	
533,437	485,51	
533,861	534,67	
534,284	565,09	
534,708	700,84	
535,132	682,12	
535,556	684,46	
535,98	506,58	
536,403	457,43	
536,827	394,23	
537,25	412,96	
537,674	398,92	
538,097	338,06	
538,521	394,23	
538,944	338,06	
539,367	370,83	
539,791	401,26	
540,214	492,54	
540,637	604,88	
541,06	740,63	
541,483	831,91	
541,906	469,13	
542,329	405,94	
542,752	415,3	
543,175	408,28	
543,598	309,97	
544,02	412,96	
544,443	307,63	
544,866	377,85	
545,288	419,98	
545,711	412,96	
546,133	375,51	
546,556	366,15	
546,978	377,85	
547,4	347,42	
547,823	384,87	
548,245	389,55	
548,667	352,1	
549,089	401,26	
549,511	324,02	
549,933	366,15	
550,355	326,36	
550,777	312,32	
551,199	314,66	
551,621	349,76	
552,043	380,19	
552,465	249,12	
552,886	387,21	
553,308	321,68	
553,729	368,49	
554,151	349,76	
554,572	335,72	
554,994	345,08	
555,415	405,94	
555,837	307,63	
556,258	312,32	
556,679	384,87	
557,1	394,23	
557,521	410,62	
557,942	389,55	
558,363	307,63	
558,784	272,53	
559,205	352,1	
559,626	384,87	
560,047	410,62	
560,468	370,83	
560,888	314,66	
561,309	326,36	
561,73	338,06	
562,15	347,42	
562,571	354,44	
562,991	410,62	
563,412	431,68	
563,832	389,55	
564,252	342,74	
564,673	356,79	
565,093	356,79	
565,513	352,1	
565,933	368,49	
566,353	354,44	
566,773	417,64	
567,193	436,36	
567,613	419,98	
568,033	391,89	
568,452	394,23	
568,872	391,89	
569,292	382,53	
569,711	403,6	
570,131	417,64	
570,551	384,87	
570,97	398,92	
571,389	380,19	
571,809	338,06	
572,228	363,81	
572,647	347,42	
573,067	387,21	
573,486	377,85	
573,905	403,6	
574,324	380,19	
574,743	338,06	
575,162	387,21	
575,581	485,51	
576	553,39	
576,419	513,6	
576,837	656,37	
577,256	995,75	
577,675	1044,9	
578,093	852,98	
578,512	590,84	
578,93	544,03	
579,349	452,75	
579,767	401,26	
580,185	417,64	
580,604	412,96	
581,022	469,13	
581,44	546,37	
581,858	529,99	
582,276	518,28	
582,694	661,06	
583,112	693,82	
583,53	850,64	
583,948	630,63	
584,366	611,9	
584,784	565,09	
585,201	1133,84	
585,619	9864,04	
586,037	22149,51	
586,454	27911,91	
586,872	21124,36	
587,289	10889,2	
587,707	5967,05	
588,124	3422,89	
588,541	4974,66	
588,958	7890,97	
589,376	9601,9	
589,793	7305,84	
590,21	4080,58	
590,627	2442,2	
591,044	1709,62	
591,461	1314,06	
591,878	981,71	
592,294	764,04	
592,711	661,06	
593,128	654,03	
593,545	546,37	
593,961	520,62	
594,378	686,8	
594,794	4969,98	
595,211	12597,79	
595,627	16171,79	
596,043	13601,88	
596,46	7357,33	
596,876	4111	
597,292	2592	
597,708	2119,21	
598,124	3450,97	
598,54	4316,97	
598,956	4532,3	
599,372	2828,39	
599,788	1763,45	
600,204	1178,31	
600,62	904,47	
601,035	675,1	
601,451	609,56	
601,867	429,34	
602,282	412,96	
602,698	410,62	
603,113	824,89	
603,529	3085,85	
603,944	4527,62	
604,359	4944,24	
604,774	3212,24	
605,19	2023,25	
605,605	1239,17	
606,02	827,23	
606,435	740,63	
606,85	595,52	
607,265	632,97	
607,68	3659,28	
608,094	11125,59	
608,509	14657,46	
608,924	13868,7	
609,338	7722,45	
609,753	6709	
610,168	14524,05	
610,582	20080,48	
610,997	20469,01	
611,411	11928,39	
611,825	6748,79	
612,24	3818,44	
612,654	2159	
613,068	1594,93	
613,482	1424,07	
613,896	1438,11	
614,31	2627,11	
614,724	15563,25	
615,138	28380,02	
615,552	33423,87	
615,966	23048,28	
616,379	13012,06	
616,793	11401,77	
617,207	11729,45	
617,62	11516,46	
618,034	7673,3	
618,447	4218,67	
618,861	2416,46	
619,274	1601,95	
619,687	1105,76	
620,101	728,93	
620,514	611,9	
620,927	544,03	
621,34	623,61	
621,753	970,01	
622,166	4742,95	
622,579	8125,02	
622,992	9288,27	
623,405	6421,11	
623,817	3766,95	
624,23	2348,58	
624,643	1419,39	
625,055	988,73	
625,468	754,68	
625,88	597,86	
626,293	656,37	
626,705	1618,33	
627,118	8775,69	
627,53	14224,46	
627,942	16057,1	
628,354	10350,87	
628,766	6053,65	
629,179	3546,94	
629,591	2147,3	
630,003	1395,98	
630,414	1154,91	
630,826	3163,09	
631,238	5463,83	
631,65	6744,11	
632,061	5388,94	
632,473	3308,2	
632,885	2233,9	
633,296	1786,85	
633,708	8513,55	
634,119	20745,19	
634,53	26928,89	
634,942	23305,74	
635,353	12700,77	
635,764	7699,05	
636,175	4377,83	
636,586	2812,01	
636,998	1674,51	
637,408	1234,49	
637,819	972,35	
638,23	1552,8	
638,641	10184,69	
639,052	20696,04	
639,463	26229,07	
639,873	20190,49	
640,284	17091,62	
640,694	41494,04	
641,105	53751,43	
641,515	56246,44	
641,926	40031,21	
642,336	22481,87	
642,746	12911,42	
643,157	7174,77	
643,567	4518,26	
643,977	2510,08	
644,387	1370,24	
644,797	890,43	
645,207	607,22	
645,617	579,14	
646,026	492,54	
646,436	452,75	
646,846	483,17	
647,256	525,3	
647,665	487,86	
648,075	424,66	
648,484	490,2	
648,894	471,47	
649,303	525,3	
649,713	520,62	
650,122	560,41	
650,531	1239,17	
650,94	10072,35	
651,349	22582,51	
651,758	28431,51	
652,167	23354,89	
652,576	13283,56	
652,985	8183,54	
653,394	6077,05	
653,803	9161,88	
654,212	10680,89	
654,62	10397,68	
655,029	6400,05	
655,437	3806,74	
655,846	2390,71	
656,254	1494,29	
656,663	1098,74	
657,071	906,81	
657,479	639,99	
657,888	480,83	
658,296	471,47	
658,704	532,33	
659,112	492,54	
659,52	490,2	
659,928	1304,7	
660,336	6187,06	
660,744	9470,83	
661,152	10479,6	
661,559	7085,83	
661,967	4361,44	
662,375	2776,9	
662,782	1726	
663,19	1187,68	
663,597	838,94	
664,005	609,56	
664,412	518,28	
664,819	448,07	
665,226	347,42	
665,634	457,43	
666,041	464,45	
666,448	438,7	
666,855	431,68	
667,262	511,26	
667,669	941,92	
668,075	6355,58	
668,482	14596,6	
668,889	18786,16	
669,296	16293,49	
669,702	9604,24	
670,109	5880,45	
670,515	3596,09	
670,922	2334,54	
671,328	1646,42	
671,734	2243,26	
672,141	7462,65	
672,547	10861,11	
672,953	11996,27	
673,359	7954,16	
673,765	4965,3	
674,171	3053,08	
674,577	1953,03	
674,983	1351,51	
675,389	1000,43	
675,795	672,76	
676,201	431,68	
676,606	434,02	
677,012	476,15	
677,417	408,28	
677,823	403,6	
678,228	380,19	
678,634	363,81	
679,039	417,64	
679,444	368,49	
679,849	324,02	
680,255	345,08	
680,66	352,1	
681,065	452,75	
681,47	382,53	
681,875	345,08	
682,28	389,55	
682,684	302,95	
683,089	340,4	
683,494	309,97	
683,899	328,7	
684,303	373,17	
684,708	349,76	
685,112	415,3	
685,517	436,36	
685,921	366,15	
686,325	361,47	
686,729	284,23	
687,134	293,59	
687,538	405,94	
687,942	389,55	
688,346	391,89	
688,75	359,13	
689,154	359,13	
689,558	326,36	
689,961	345,08	
690,365	403,6	
690,769	359,13	
691,173	382,53	
691,576	445,73	
691,98	398,92	
692,383	445,73	
692,786	911,49	
693,19	5276,59	
693,593	11490,71	
693,996	14458,51	
694,399	12464,38	
694,803	7230,94	
695,206	4670,39	
695,609	2910,31	
696,012	1716,64	
696,414	1346,83	
696,817	1009,79	
697,22	670,42	
697,623	478,49	
698,025	410,62	
698,428	441,04	
698,831	473,81	
699,233	293,59	
699,636	389,55	
700,038	356,79	
700,44	380,19	
700,842	466,79	
701,245	377,85	
701,647	448,07	
702,049	441,04	
702,451	710,21	
702,853	1480,24	
703,255	5466,17	
703,657	22123,77	
704,058	32380	
704,46	35020,12	
704,862	22535,7	
705,264	13782,1	
705,665	8501,85	
706,067	5185,31	
706,468	3593,75	
706,869	2584,98	
707,271	1765,79	
707,672	1063,63	
708,073	689,14	
708,474	529,99	
708,876	492,54	
709,277	419,98	
709,678	443,39	
710,079	359,13	
710,479	377,85	
710,88	382,53	
711,281	370,83	
711,682	391,89	
712,082	401,26	
712,483	419,98	
712,883	389,55	
713,284	331,04	
713,684	366,15	
714,085	370,83	
714,485	333,38	
714,885	382,53	
715,285	363,81	
715,686	366,15	
716,086	377,85	
716,486	377,85	
716,886	352,1	
717,285	487,86	
717,685	1630,04	
718,085	2680,94	
718,485	3172,45	
718,884	2545,19	
719,284	1690,89	
719,684	1129,16	
720,083	785,1	
720,483	651,69	
720,882	525,3	
721,281	443,39	
721,68	377,85	
722,08	417,64	
722,479	335,72	
722,878	450,41	
723,277	335,72	
723,676	457,43	
724,075	546,37	
724,474	1597,27	
724,872	7467,33	
725,271	11867,54	
725,67	13346,76	
726,068	9365,51	
726,467	5695,55	
726,865	3649,92	
727,264	2339,22	
727,662	1646,42	
728,061	1262,57	
728,459	948,94	
728,857	675,1	
729,255	459,77	
729,653	417,64	
730,051	342,74	
730,449	373,17	
730,847	324,02	
731,245	370,83	
731,643	405,94	
732,041	340,4	
732,438	366,15	
732,836	302,95	
733,233	331,04	
733,631	321,68	
734,028	354,44	
734,426	309,97	
734,823	326,36	
735,22	391,89	
735,617	237,42	
736,015	342,74	
736,412	361,47	
736,809	338,06	
737,206	305,29	
737,603	326,36	
737,999	326,36	
738,396	345,08	
738,793	342,74	
739,19	345,08	
739,586	328,7	
739,983	347,42	
740,379	380,19	
740,776	373,17	
741,172	361,47	
741,568	356,79	
741,965	384,87	
742,361	321,68	
742,757	380,19	
743,153	331,04	
743,549	380,19	
743,945	1021,5	
744,341	2568,59	
744,737	3476,72	
745,133	3383,1	
745,528	2081,76	
745,924	1489,6	
746,32	1014,48	
746,715	757,02	
747,111	555,73	
747,506	565,09	
747,901	525,3	
748,297	532,33	
748,692	473,81	
749,087	611,9	
749,482	897,45	
749,877	932,56	
750,272	951,28	
750,667	700,84	
751,062	569,77	
751,457	455,09	
751,852	452,75	
752,247	391,89	
752,641	380,19	
753,036	309,97	
753,43	288,91	
753,825	602,54	
754,219	796,81	
754,614	967,67	
755,008	890,43	
755,402	829,57	
755,796	668,08	
756,19	478,49	
756,584	438,7	
756,978	398,92	
757,372	382,53	
757,766	340,4	
758,16	356,79	
758,554	272,53	
758,948	307,63	
759,341	328,7	
759,735	321,68	
760,128	356,79	
760,522	305,29	
760,915	319,34	
761,308	366,15	
761,702	331,04	
762,095	309,97	
762,488	298,27	
762,881	347,42	
763,274	352,1	
763,667	368,49	
764,06	352,1	
764,453	338,06	
764,846	347,42	
765,239	312,32	
765,631	307,63	
766,024	326,36	
766,416	324,02	
766,809	314,66	
767,201	363,81	
767,594	352,1	
767,986	338,06	
768,378	349,76	
768,77	307,63	
769,163	305,29	
769,555	302,95	
769,947	356,79	
770,339	382,53	
770,73	347,42	
771,122	326,36	
771,514	302,95	
771,906	342,74	
772,297	333,38	
772,689	342,74	
773,081	258,48	
773,472	302,95	
773,863	345,08	
774,255	354,44	
774,646	345,08	
775,037	279,55	
775,428	265,5	
775,82	347,42	
776,211	244,44	
776,602	333,38	
776,993	352,1	
777,383	331,04	
777,774	389,55	
778,165	422,32	
778,556	373,17	
778,946	359,13	
779,337	312,32	
779,727	391,89	
780,118	352,1	
780,508	305,29	
780,898	368,49	
781,289	326,36	
781,679	291,25	
782,069	354,44	
782,459	293,59	
782,849	387,21	
783,239	408,28	
783,629	291,25	
784,019	295,93	
784,408	307,63	
784,798	335,72	
785,188	317	
785,577	370,83	
785,967	312,32	
786,356	300,61	
786,746	324,02	
787,135	398,92	
787,524	345,08	
787,914	321,68	
788,303	422,32	
788,692	410,62	
789,081	317	
789,47	352,1	
789,859	331,04	
790,248	352,1	
790,636	239,76	
791,025	305,29	
791,414	274,87	
791,802	368,49	
792,191	405,94	
792,579	335,72	
792,968	331,04	
793,356	298,27	
793,744	331,04	
794,133	359,13	
794,521	389,55	
794,909	373,17	
795,297	394,23	
795,685	382,53	
796,073	373,17	
796,461	317	
796,848	398,92	
797,236	384,87	
797,624	305,29	
798,011	352,1	
798,399	380,19	
798,787	359,13	
799,174	272,53	
799,561	326,36	
799,949	335,72	
800,336	317	
800,723	382,53	
801,11	342,74	
801,497	375,51	
801,884	370,83	
802,271	380,19	
802,658	384,87	
803,045	331,04	
803,432	314,66	
803,818	359,13	
804,205	396,57	
804,591	319,34	
804,978	270,19	
805,364	359,13	
805,751	288,91	
806,137	331,04	
806,523	291,25	
806,91	324,02	
807,296	317	
807,682	370,83	
808,068	387,21	
808,454	352,1	
808,84	373,17	
809,225	394,23	
809,611	340,4	
809,997	373,17	
810,382	349,76	
810,768	366,15	
811,153	375,51	
811,539	288,91	
811,924	356,79	
812,31	331,04	
812,695	422,32	
813,08	295,93	
813,465	267,85	
813,85	375,51	
814,235	429,34	
814,62	408,28	
815,005	331,04	
815,39	349,76	
815,775	361,47	
816,159	342,74	
816,544	326,36	
816,929	340,4	
817,313	424,66	
817,697	359,13	
818,082	317	
818,466	347,42	
818,85	321,68	
819,235	331,04	
819,619	354,44	
820,003	305,29	
820,387	328,7	
820,771	302,95	
821,155	335,72	
821,538	249,12	
821,922	345,08	
822,306	356,79	
822,689	359,13	
823,073	338,06	
823,457	321,68	
823,84	389,55	
824,223	347,42	
824,607	326,36	
824,99	324,02	
825,373	382,53	
825,756	270,19	
826,139	352,1	
826,522	324,02	
826,905	424,66	
827,288	328,7	
827,671	380,19	
828,054	317	
828,436	382,53	
828,819	256,14	
829,201	380,19	
829,584	321,68	
829,966	352,1	
830,349	464,45	
830,731	513,6	
831,113	466,79	
831,495	419,98	
831,878	387,21	
832,26	354,44	
832,642	347,42	
833,024	370,83	
833,405	338,06	
833,787	373,17	
834,169	347,42	
834,551	394,23	
834,932	293,59	
835,314	370,83	
835,695	286,57	
836,077	347,42	
836,458	361,47	
836,839	307,63	
837,22	401,26	
837,602	462,11	
837,983	679,78	
838,364	1047,24	
838,745	946,6	
839,126	867,02	
839,506	565,09	
839,887	537,01	
840,268	492,54	
840,649	487,86	
841,029	429,34	
841,41	345,08	
841,79	410,62	
842,171	391,89	
842,551	511,26	
842,931	431,68	
843,311	501,9	
843,691	417,64	
844,072	286,57	
844,452	405,94	
844,832	366,15	
845,211	349,76	
845,591	401,26	
845,971	335,72	
846,351	340,4	
846,73	338,06	
847,11	293,59	
847,489	309,97	
847,869	361,47	
848,248	368,49	
848,627	338,06	
849,007	340,4	
849,386	398,92	
849,765	527,64	
850,144	644,67	
850,523	703,18	
850,902	583,82	
851,281	522,96	
851,66	443,39	
852,038	403,6	
852,417	352,1	
852,796	345,08	
853,174	324,02	
853,553	419,98	
853,931	342,74	
854,309	373,17	
854,688	300,61	
855,066	317	
855,444	342,74	
855,822	321,68	
856,2	295,93	
856,578	328,7	
856,956	263,16	
857,334	391,89	
857,712	345,08	
858,089	312,32	
858,467	380,19	
858,844	267,85	
859,222	412,96	
859,599	347,42	
859,977	387,21	
860,354	424,66	
860,731	321,68	
861,109	324,02	
861,486	389,55	
861,863	321,68	
862,24	331,04	
862,617	349,76	
862,993	345,08	
863,37	387,21	
863,747	331,04	
864,124	415,3	
864,5	471,47	
864,877	389,55	
865,253	387,21	
865,63	396,57	
866,006	429,34	
866,382	480,83	
866,758	396,57	
867,135	434,02	
867,511	368,49	
867,887	398,92	
868,263	298,27	
868,639	331,04	
869,014	434,02	
869,39	410,62	
869,766	382,53	
870,141	422,32	
870,517	335,72	
870,892	307,63	
871,268	324,02	
871,643	356,79	
872,019	375,51	
872,394	324,02	
872,769	356,79	
873,144	298,27	
873,519	328,7	
873,894	319,34	
874,269	284,23	
874,644	338,06	
875,019	375,51	
875,393	305,29	
875,768	375,51	
876,143	354,44	
876,517	361,47	
876,891	263,16	
877,266	363,81	
877,64	263,16	
878,014	333,38	
878,389	368,49	
878,763	487,86	
879,137	506,58	
879,511	455,09	
879,885	448,07	
880,259	317	
880,632	347,42	
881,006	328,7	
881,38	345,08	
881,753	352,1	
882,127	309,97	
882,5	324,02	
882,874	347,42	
883,247	347,42	
883,62	317	
883,994	309,97	
884,367	317	
884,74	347,42	
885,113	356,79	
885,486	347,42	
885,859	361,47	
886,231	380,19	
886,604	370,83	
886,977	375,51	
887,349	398,92	
887,722	335,72	
888,094	335,72	
888,467	354,44	
888,839	352,1	
889,211	326,36	
889,584	319,34	
889,956	352,1	
890,328	366,15	
890,7	340,4	
891,072	305,29	
891,444	291,25	
891,816	321,68	
892,187	394,23	
892,559	345,08	
892,931	298,27	
893,302	281,89	
893,674	354,44	
894,045	333,38	
894,416	324,02	
894,788	305,29	
895,159	333,38	
895,53	319,34	
895,901	405,94	
896,272	317	
896,643	331,04	
897,014	359,13	
897,385	384,87	
897,756	363,81	
898,126	356,79	
898,497	335,72	
898,867	302,95	
899,238	272,53	
899,608	300,61	
899,979	281,89	
900,349	295,93	
900,719	401,26	
901,089	324,02	
901,459	347,42	
901,829	412,96	
902,199	359,13	
902,569	333,38	
902,939	302,95	
903,309	291,25	
903,679	352,1	
904,048	335,72	
904,418	302,95	
904,787	349,76	
905,157	309,97	
905,526	391,89	
905,895	352,1	
906,265	368,49	
906,634	326,36	
907,003	314,66	
907,372	394,23	
907,741	373,17	
908,11	349,76	
908,478	314,66	
908,847	391,89	
909,216	277,21	
909,585	305,29	
909,953	391,89	
910,322	326,36	
910,69	370,83	
911,058	359,13	
911,427	377,85	
911,795	291,25	
912,163	342,74	
912,531	321,68	
912,899	335,72	
913,267	288,91	
913,635	352,1	
914,003	288,91	
914,37	302,95	
914,738	253,8	
915,106	356,79	
915,473	312,32	
915,841	319,34	
916,208	345,08	
916,575	361,47	
916,943	281,89	
917,31	288,91	
917,677	291,25	
918,044	309,97	
918,411	452,75	
918,778	394,23	
919,145	380,19	
919,512	370,83	
919,879	352,1	
920,245	363,81	
920,612	281,89	
920,978	317	
921,345	396,57	
921,711	363,81	
922,078	384,87	
922,444	333,38	
922,81	361,47	
923,176	335,72	
923,542	309,97	
923,908	300,61	
924,274	335,72	
924,64	354,44	
925,006	338,06	
925,371	356,79	
925,737	342,74	
926,103	253,8	
926,468	370,83	
926,834	347,42	
927,199	305,29	
927,564	326,36	
927,93	295,93	
928,295	321,68	
928,66	324,02	
929,025	284,23	
929,39	314,66	
929,755	298,27	
930,12	363,81	
930,484	354,44	
930,849	340,4	
931,214	317	
931,578	370,83	
931,943	333,38	
932,307	319,34	
932,672	335,72	
933,036	338,06	
933,4	354,44	
933,764	312,32	
934,128	309,97	
934,492	286,57	
934,856	314,66	
935,22	352,1	
935,584	256,14	
935,948	342,74	
936,311	298,27	
936,675	293,59	
937,039	354,44	
937,402	345,08	
937,765	265,5	
938,129	286,57	
938,492	302,95	
938,855	314,66	
939,218	225,72	
939,581	331,04	
939,944	382,53	
940,307	326,36	
940,67	340,4	
941,033	342,74	
941,396	363,81	
941,758	314,66	
942,121	319,34	
942,483	349,76	
942,846	354,44	
943,208	342,74	
943,571	354,44	
943,933	309,97	
944,295	321,68	
944,657	291,25	
945,019	359,13	
945,381	328,7	
945,743	319,34	
946,105	265,5	
946,467	361,47	
946,828	307,63	
947,19	305,29	
947,551	309,97	
947,913	321,68	
948,274	270,19	
948,636	309,97	
948,997	331,04	
949,358	328,7	
949,719	317	
950,08	295,93	
950,441	333,38	
950,802	321,68	
951,163	324,02	
951,524	295,93	
951,885	307,63	
952,245	298,27	
952,606	438,7	
952,966	387,21	
953,327	340,4	
953,687	309,97	
954,047	319,34	
954,408	277,21	
954,768	354,44	
955,128	307,63	
955,488	333,38	
955,848	314,66	
956,208	331,04	
956,568	375,51	
956,927	328,7	
957,287	317	
957,647	335,72	
958,006	298,27	
958,366	333,38	
958,725	342,74	
959,084	309,97	
959,444	347,42	
959,803	436,36	
960,162	349,76	
960,521	312,32	
960,88	342,74	
961,239	333,38	
961,598	317	
961,957	302,95	
962,315	307,63	
962,674	326,36	
963,033	307,63	
963,391	272,53	
963,75	274,87	
964,108	352,1	
964,466	352,1	
964,824	342,74	
965,183	314,66	
965,541	317	
965,899	326,36	
966,257	331,04	
966,614	284,23	
966,972	345,08	
967,33	361,47	
967,688	356,79	
968,045	293,59	
968,403	293,59	
968,76	291,25	
969,118	288,91	
969,475	389,55	
969,832	345,08	
970,189	359,13	
970,546	300,61	
970,903	342,74	
971,26	298,27	
971,617	314,66	
971,974	321,68	
972,331	295,93	
972,688	335,72	
973,044	263,16	
973,401	377,85	
973,757	321,68	
974,114	335,72	
974,47	295,93	
974,826	328,7	
975,182	326,36	
975,538	321,68	
975,895	370,83	
976,251	326,36	
976,606	328,7	
976,962	324,02	
977,318	345,08	
977,674	317	
978,029	324,02	
978,385	286,57	
978,74	340,4	
979,096	361,47	
979,451	305,29	
979,806	335,72	
980,162	340,4	
980,517	331,04	
980,872	293,59	
981,227	317	
981,582	305,29	
981,937	288,91	
982,291	251,46	
982,646	284,23	
983,001	366,15	
983,355	363,81	
983,71	314,66	
984,064	300,61	
984,419	321,68	
984,773	328,7	
985,127	338,06	
985,481	288,91	
985,835	347,42	
986,189	349,76	
986,543	380,19	
986,897	309,97	
987,251	328,7	
987,605	342,74	
987,958	354,44	
988,312	326,36	
988,665	342,74	
989,019	295,93	
989,372	298,27	
989,725	286,57	
990,079	356,79	
990,432	298,27	
990,785	270,19	
991,138	328,7	
991,491	335,72	
991,844	253,8	
992,197	342,74	
992,549	295,93	
992,902	319,34	
993,254	361,47	
993,607	375,51	
993,959	302,95	
994,312	340,4	
994,664	281,89	
995,016	396,57	
995,368	384,87	
995,721	317	
996,073	326,36	
996,425	300,61	
996,776	293,59	
997,128	403,6	
997,48	319,34	
997,832	370,83	
998,183	281,89	
998,535	274,87	
998,886	366,15	
999,237	319,34	
999,589	317	
999,94	295,93	
1000,291	293,59	
1000,642	319,34	
1000,993	338,06	
1001,344	267,85	
1001,695	359,13	
1002,046	326,36	
1002,397	319,34	
1002,747	272,53	
1003,098	284,23	
1003,448	298,27	
1003,799	249,12	
1004,149	272,53	
1004,499	398,92	
1004,85	335,72	
1005,2	347,42	
1005,55	335,72	
1005,9	309,97	
1006,25	331,04	
1006,6	314,66	
1006,949	347,42	
1007,299	342,74	
1007,649	277,21	
1007,998	331,04	
1008,348	242,1	
1008,697	370,83	
1009,047	307,63	
1009,396	368,49	
1009,745	354,44	
1010,094	398,92	
1010,443	256,14	
1010,792	333,38	
1011,141	345,08	
1011,49	342,74	
1011,839	321,68	
1012,188	293,59	
1012,536	321,68	
1012,885	281,89	
1013,233	377,85	
1013,582	326,36	
1013,93	349,76	
1014,278	331,04	
1014,627	347,42	
1014,975	307,63	
1015,323	300,61	
1015,671	321,68	
1016,019	321,68	
1016,367	291,25	
1016,714	314,66	
1017,062	361,47	
1017,41	331,04	
1017,757	284,23	
1018,105	309,97	
1018,452	331,04	
1018,8	312,32	
1019,147	345,08	
1019,494	307,63	
1019,841	324,02	
1020,188	354,44	
1020,535	284,23	
1020,882	309,97	
1021,229	417,64	
1021,576	331,04	
1021,922	403,6	
1022,269	335,72	
1022,615	342,74	
1022,962	302,95	
1023,308	302,95	
1023,655	302,95	
