FLMS05509_1:101		
187,923	-19,63	
188,387	-19,63	
188,851	-19,63	
189,315	-69,35	
189,779	-94,21	
190,242	-24,15	
190,706	-103,25	
191,17	-28,67	
191,633	-94,21	
192,097	-60,31	
192,56	-58,05	
193,024	-28,67	
193,487	-51,27	
193,951	-24,15	
194,414	50,42	
194,877	2,97	
195,34	52,68	
195,803	45,9	
196,266	73,02	
196,73	143,08	
197,193	104,66	
197,656	61,72	
198,118	118,22	
198,581	208,61	
199,044	319,34	
199,507	319,34	
199,97	355,5	
200,432	335,16	
200,895	344,2	
201,358	339,68	
201,82	362,28	
202,283	371,32	
202,745	303,52	
203,207	421,03	
203,67	341,94	
204,132	380,36	
204,594	411,99	
205,056	369,06	
205,519	418,77	
205,981	409,73	
206,443	411,99	
206,905	432,33	
207,367	346,46	
207,829	434,59	
208,291	398,44	
208,752	391,66	
209,214	382,62	
209,676	366,8	
210,138	430,07	
210,599	321,6	
211,061	430,07	
211,522	380,36	
211,984	405,22	
212,445	432,33	
212,907	432,33	
213,368	391,66	
213,829	461,71	
214,291	400,7	
214,752	396,18	
215,213	350,98	
215,674	421,03	
216,135	443,63	
216,596	411,99	
217,057	391,66	
217,518	360,02	
217,979	319,34	
218,44	299	
218,9	350,98	
219,361	393,92	
219,822	436,85	
220,282	344,2	
220,743	443,63	
221,204	369,06	
221,664	355,5	
222,125	402,96	
222,585	348,72	
223,045	416,51	
223,506	328,38	
223,966	362,28	
224,426	391,66	
224,886	391,66	
225,346	335,16	
225,806	362,28	
226,266	353,24	
226,726	366,8	
227,186	425,55	
227,646	398,44	
228,106	380,36	
228,566	357,76	
229,025	350,98	
229,485	344,2	
229,945	375,84	
230,404	335,16	
230,864	418,77	
231,323	400,7	
231,783	339,68	
232,242	373,58	
232,702	384,88	
233,161	393,92	
233,62	425,55	
234,079	373,58	
234,538	330,64	
234,998	378,1	
235,457	360,02	
235,916	457,19	
236,375	439,11	
236,834	400,7	
237,292	405,22	
237,751	360,02	
238,21	355,5	
238,669	391,66	
239,127	407,48	
239,586	396,18	
240,045	378,1	
240,503	398,44	
240,962	411,99	
241,42	380,36	
241,878	364,54	
242,337	387,14	
242,795	335,16	
243,253	441,37	
243,712	421,03	
244,17	371,32	
244,628	396,18	
245,086	407,48	
245,544	328,38	
246,002	405,22	
246,46	348,72	
246,918	427,81	
247,375	402,96	
247,833	421,03	
248,291	405,22	
248,749	364,54	
249,206	353,24	
249,664	319,34	
250,121	400,7	
250,579	369,06	
251,036	312,56	
251,494	344,2	
251,951	411,99	
252,408	357,76	
252,866	278,66	
253,323	373,58	
253,78	421,03	
254,237	459,45	
254,694	369,06	
255,151	418,77	
255,608	357,76	
256,065	450,41	
256,522	409,73	
256,979	378,1	
257,435	430,07	
257,892	405,22	
258,349	454,93	
258,805	407,48	
259,262	400,7	
259,718	400,7	
260,175	432,33	
260,631	416,51	
261,088	362,28	
261,544	384,88	
262	448,15	
262,457	414,25	
262,913	380,36	
263,369	407,48	
263,825	378,1	
264,281	441,37	
264,737	400,7	
265,193	425,55	
265,649	430,07	
266,105	405,22	
266,561	369,06	
267,016	402,96	
267,472	430,07	
267,928	373,58	
268,383	373,58	
268,839	436,85	
269,294	418,77	
269,75	332,9	
270,205	506,91	
270,661	430,07	
271,116	484,31	
271,571	411,99	
272,026	409,73	
272,482	353,24	
272,937	418,77	
273,392	382,62	
273,847	369,06	
274,302	380,36	
274,757	384,88	
275,212	371,32	
275,666	411,99	
276,121	482,05	
276,576	353,24	
277,031	450,41	
277,485	411,99	
277,94	391,66	
278,395	416,51	
278,849	425,55	
279,303	405,22	
279,758	409,73	
280,212	430,07	
280,667	416,51	
281,121	421,03	
281,575	418,77	
282,029	407,48	
282,483	454,93	
282,937	416,51	
283,391	378,1	
283,845	443,63	
284,299	384,88	
284,753	407,48	
285,207	371,32	
285,661	418,77	
286,115	434,59	
286,568	414,25	
287,022	375,84	
287,475	425,55	
287,929	339,68	
288,383	443,63	
288,836	418,77	
289,289	400,7	
289,743	411,99	
290,196	445,89	
290,649	398,44	
291,102	371,32	
291,556	434,59	
292,009	396,18	
292,462	434,59	
292,915	411,99	
293,368	380,36	
293,821	411,99	
294,274	436,85	
294,726	452,67	
295,179	350,98	
295,632	488,83	
296,084	468,49	
296,537	416,51	
296,99	380,36	
297,442	459,45	
297,895	430,07	
298,347	391,66	
298,8	339,68	
299,252	452,67	
299,704	436,85	
300,156	495,61	
300,609	411,99	
301,061	373,58	
301,513	375,84	
301,965	371,32	
302,417	459,45	
302,869	445,89	
303,321	371,32	
303,773	427,81	
304,224	452,67	
304,676	360,02	
305,128	430,07	
305,579	393,92	
306,031	389,4	
306,483	407,48	
306,934	396,18	
307,386	378,1	
307,837	427,81	
308,288	475,27	
308,74	348,72	
309,191	418,77	
309,642	423,29	
310,093	411,99	
310,544	373,58	
310,996	423,29	
311,447	430,07	
311,898	491,09	
312,348	454,93	
312,799	425,55	
313,25	450,41	
313,701	409,73	
314,152	393,92	
314,602	416,51	
315,053	452,67	
315,504	445,89	
315,954	416,51	
316,405	409,73	
316,855	411,99	
317,305	398,44	
317,756	411,99	
318,206	430,07	
318,656	393,92	
319,107	441,37	
319,557	348,72	
320,007	396,18	
320,457	441,37	
320,907	405,22	
321,357	468,49	
321,807	423,29	
322,257	445,89	
322,706	454,93	
323,156	364,54	
323,606	405,22	
324,056	418,77	
324,505	416,51	
324,955	430,07	
325,404	380,36	
325,854	414,25	
326,303	430,07	
326,753	398,44	
327,202	378,1	
327,651	416,51	
328,1	459,45	
328,55	391,66	
328,999	421,03	
329,448	414,25	
329,897	411,99	
330,346	396,18	
330,795	357,76	
331,244	405,22	
331,693	414,25	
332,141	391,66	
332,59	409,73	
333,039	427,81	
333,487	427,81	
333,936	369,06	
334,385	411,99	
334,833	448,15	
335,282	457,19	
335,73	398,44	
336,178	387,14	
336,627	423,29	
337,075	441,37	
337,523	427,81	
337,971	434,59	
338,419	445,89	
338,867	427,81	
339,315	423,29	
339,763	371,32	
340,211	430,07	
340,659	430,07	
341,107	439,11	
341,555	378,1	
342,002	416,51	
342,45	491,09	
342,898	355,5	
343,345	414,25	
343,793	436,85	
344,24	407,48	
344,688	443,63	
345,135	430,07	
345,582	473,01	
346,03	466,23	
346,477	502,39	
346,924	443,63	
347,371	364,54	
347,818	407,48	
348,265	391,66	
348,712	459,45	
349,159	407,48	
349,606	448,15	
350,053	434,59	
350,5	448,15	
350,947	427,81	
351,393	448,15	
351,84	427,81	
352,287	461,71	
352,733	463,97	
353,18	479,79	
353,626	387,14	
354,072	439,11	
354,519	479,79	
354,965	371,32	
355,411	375,84	
355,858	427,81	
356,304	441,37	
356,75	384,88	
357,196	488,83	
357,642	373,58	
358,088	448,15	
358,534	427,81	
358,98	396,18	
359,425	443,63	
359,871	452,67	
360,317	409,73	
360,763	425,55	
361,208	473,01	
361,654	398,44	
362,099	393,92	
362,545	407,48	
362,99	466,23	
363,436	452,67	
363,881	524,99	
364,326	604,08	
364,771	669,62	
365,217	613,12	
365,662	502,39	
366,107	497,87	
366,552	477,53	
366,997	520,47	
367,442	482,05	
367,887	477,53	
368,332	348,72	
368,776	482,05	
369,221	463,97	
369,666	411,99	
370,11	536,29	
370,555	441,37	
371	448,15	
371,444	457,19	
371,888	418,77	
372,333	430,07	
372,777	454,93	
373,221	445,89	
373,666	432,33	
374,11	448,15	
374,554	369,06	
374,998	497,87	
375,442	475,27	
375,886	450,41	
376,33	486,57	
376,774	423,29	
377,218	466,23	
377,662	432,33	
378,106	396,18	
378,549	495,61	
378,993	445,89	
379,436	405,22	
379,88	414,25	
380,324	463,97	
380,767	423,29	
381,21	479,79	
381,654	427,81	
382,097	414,25	
382,54	452,67	
382,984	495,61	
383,427	502,39	
383,87	443,63	
384,313	418,77	
384,756	470,75	
385,199	450,41	
385,642	405,22	
386,085	470,75	
386,528	457,19	
386,97	493,35	
387,413	504,65	
387,856	459,45	
388,298	439,11	
388,741	418,77	
389,183	504,65	
389,626	459,45	
390,068	468,49	
390,511	495,61	
390,953	515,95	
391,395	522,73	
391,838	540,8	
392,28	486,57	
392,722	545,32	
393,164	511,43	
393,606	504,65	
394,048	527,25	
394,49	599,56	
394,932	633,46	
395,374	617,64	
395,815	595,04	
396,257	637,98	
396,699	710,29	
397,141	841,36	
397,582	954,35	
398,024	1137,4	
398,465	1295,59	
398,907	1535,13	
399,348	1641,34	
399,789	1901,22	
400,231	2068,45	
400,672	2396,12	
401,113	2719,28	
401,554	2936,22	
401,995	3227,74	
402,436	3898,91	
402,877	4118,11	
403,318	5991,51	
403,759	8179,02	
404,2	10251,28	
404,641	10576,7	
405,082	8829,85	
405,522	8228,74	
405,963	7948,52	
406,404	7394,86	
406,844	8551,89	
407,285	7880,72	
407,725	9071,65	
408,166	9053,58	
408,606	9948,47	
409,046	9550,74	
409,487	9950,73	
409,927	9896,49	
410,367	10678,39	
410,807	11455,77	
411,247	12635,4	
411,687	12662,52	
412,127	13896,39	
412,567	13320,13	
413,007	13830,85	
413,447	14447,78	
413,886	14881,67	
414,326	15286,18	
414,766	16169,77	
415,205	15986,73	
415,645	15715,55	
416,084	17636,4	
416,524	16465,81	
416,963	17656,74	
417,403	17765,21	
417,842	17069,18	
418,281	17857,86	
418,721	17127,94	
419,16	17496,29	
419,599	17306,47	
420,038	18332,43	
420,477	19003,6	
420,916	19216,02	
421,355	18587,79	
421,794	19062,35	
422,233	18400,22	
422,671	18919,98	
423,11	18158,42	
423,549	19317,71	
423,987	18312,09	
424,426	18018,31	
424,864	18223,96	
425,303	18777,61	
425,741	18666,88	
426,18	18294,01	
426,618	18486,1	
427,056	18318,87	
427,495	19073,65	
427,933	17292,91	
428,371	17249,97	
428,809	17166,36	
429,247	16829,64	
429,685	15105,39	
430,123	14707,66	
430,561	15173,19	
430,999	16294,06	
431,436	16779,93	
431,874	18291,75	
432,312	18382,14	
432,749	18809,25	
433,187	18913,2	
433,625	20113,17	
434,062	20205,82	
434,5	27649,7	
434,937	42397,33	
435,374	52460,34	
435,812	52763,16	
436,249	42336,32	
436,686	34849,51	
437,123	31376,15	
437,56	28164,94	
437,997	23846,41	
438,434	22443,05	
438,871	21179,81	
439,308	22015,95	
439,745	21765,11	
440,182	22956,03	
440,618	22510,85	
441,055	24420,4	
441,492	23771,83	
441,928	24287,07	
442,365	24463,34	
442,801	25853,13	
443,238	24996,66	
443,674	25539,02	
444,111	26235,04	
444,547	26861,02	
444,983	25319,81	
445,419	25175,19	
445,855	24650,91	
446,292	26729,95	
446,728	26248,6	
447,164	27412,41	
447,599	27737,83	
448,035	27308,46	
448,471	26413,57	
448,907	28060,99	
449,343	28463,23	
449,778	28793,17	
450,214	29550,21	
450,65	29961,5	
451,085	29401,06	
451,521	28323,13	
451,956	28664,36	
452,392	28619,16	
452,827	26903,95	
453,262	27089,26	
453,697	27457,61	
454,133	27959,29	
454,568	27511,85	
455,003	27276,83	
455,438	28214,65	
455,873	28752,49	
456,308	28646,28	
456,743	29552,47	
457,178	29218,02	
457,612	28935,54	
458,047	29028,19	
458,482	29369,43	
458,917	28149,12	
459,351	29455,3	
459,786	29084,69	
460,22	28750,23	
460,655	29071,13	
461,089	30042,85	
461,523	31450,73	
461,958	29633,83	
462,392	30578,43	
462,826	30797,64	
463,26	30628,15	
463,694	30982,94	
464,128	29952,46	
464,562	31410,05	
464,996	30413,47	
465,43	31480,1	
465,864	31360,33	
466,298	31690,27	
466,732	31333,22	
467,165	31907,21	
467,599	31473,32	
468,033	32682,33	
468,466	33932,02	
468,9	32605,5	
469,333	33565,93	
469,767	33186,27	
470,2	32933,17	
470,633	34293,59	
471,066	33961,4	
471,5	35357,97	
471,933	35683,38	
472,366	35900,33	
472,799	37032,5	
473,232	36786,18	
473,665	37037,02	
474,098	37624,58	
474,531	38840,36	
474,963	38469,75	
475,396	37823,44	
475,829	38829,06	
476,262	38725,11	
476,694	38817,76	
477,127	39355,6	
477,559	40903,59	
477,992	41064,03	
478,424	41662,89	
478,856	42295,64	
479,289	42406,37	
479,721	42670,77	
480,153	43463,97	
480,585	44135,14	
481,017	44049,27	
481,449	45373,52	
481,881	45208,56	
482,313	46205,14	
482,745	46189,32	
483,177	47854,82	
483,609	48381,35	
484,041	48555,36	
484,472	48544,06	
484,904	48711,29	
485,336	47750,86	
485,767	47854,82	
486,199	47997,18	
486,63	49106,76	
487,062	49732,73	
487,493	50867,17	
487,924	50774,51	
488,355	50754,17	
488,787	51120,27	
489,218	51183,54	
489,649	52153,01	
490,08	51877,31	
490,511	51436,64	
490,942	50720,28	
491,373	50494,29	
491,804	50035,55	
492,234	50164,36	
492,665	50308,99	
493,096	50322,55	
493,526	50073,97	
493,957	50833,27	
494,388	50487,51	
494,818	50510,11	
495,249	50290,91	
495,679	50464,92	
496,109	50573,39	
496,54	50919,14	
496,97	50686,38	
497,4	50125,94	
497,83	49127,1	
498,26	49452,51	
498,69	49567,76	
499,12	50372,26	
499,55	49197,15	
499,98	49551,95	
500,41	48607,34	
500,84	48105,66	
501,269	48123,73	
501,699	48300	
502,129	48905,63	
502,558	49088,68	
502,988	49425,4	
503,417	49579,06	
503,847	49585,84	
504,276	50064,93	
504,706	50247,97	
505,135	50812,93	
505,564	52010,64	
505,993	52105,55	
506,422	52177,87	
506,851	52042,28	
507,28	51407,26	
507,709	51545,11	
508,138	51958,66	
508,567	52523,62	
508,996	52388,03	
509,425	53084,06	
509,854	52781,24	
510,282	53291,96	
510,711	53538,28	
511,14	53764,26	
511,568	53985,73	
511,997	54042,22	
512,425	53597,04	
512,853	53298,74	
513,282	53276,14	
513,71	52532,66	
514,138	53004,96	
514,566	53151,85	
514,994	53328,12	
515,423	52702,15	
515,851	52941,69	
516,279	50532,71	
516,706	49459,29	
517,134	49271,73	
517,562	48862,7	
517,99	49556,47	
518,418	49038,96	
518,845	49836,68	
519,273	51273,93	
519,701	51368,85	
520,128	52324,75	
520,556	52790,28	
520,983	52654,69	
521,41	53228,69	
521,838	53054,68	
522,265	52986,88	
522,692	52514,58	
523,119	52320,23	
523,546	53036,6	
523,973	53133,77	
524,4	53691,95	
524,827	52991,4	
525,254	52989,14	
525,681	52799,32	
526,108	51470,54	
526,535	50338,37	
526,962	49283,03	
527,388	50593,73	
527,815	50855,87	
528,241	52247,92	
528,668	52299,9	
529,094	52473,9	
529,521	52464,86	
529,947	53201,57	
530,373	52952,99	
530,8	53791,38	
531,226	53192,53	
531,652	53242,24	
532,078	52724,74	
532,504	52505,54	
532,93	52132,67	
533,356	52901,01	
533,782	53251,28	
534,208	52760,9	
534,634	52959,77	
535,059	53522,46	
535,485	54105,5	
535,911	54345,04	
536,336	54505,49	
536,762	54749,55	
537,187	55529,19	
537,613	56421,82	
538,038	57165,3	
538,464	57859,07	
538,889	58518,94	
539,314	59538,12	
539,739	60823,97	
540,164	62968,54	
540,59	63334,63	
541,015	63334,63	
541,44	63334,63	
541,865	63334,63	
542,289	63334,63	
542,714	63334,63	
543,139	63334,63	
543,564	63334,63	
543,988	63334,63	
544,413	63334,63	
544,838	63334,63	
545,262	63334,63	
545,687	63334,63	
546,111	63334,63	
546,535	63334,63	
546,96	63334,63	
547,384	63334,63	
547,808	63334,63	
548,233	63334,63	
548,657	63334,63	
549,081	63334,63	
549,505	63334,63	
549,929	63334,63	
550,353	62713,18	
550,776	62064,61	
551,2	61375,36	
551,624	60921,14	
552,048	60168,62	
552,471	59562,98	
552,895	59325,7	
553,319	58654,53	
553,742	58080,53	
554,166	57879,41	
554,589	57793,54	
555,012	57174,34	
555,436	57036,49	
555,859	56225,22	
556,282	55990,19	
556,705	55712,24	
557,128	55294,17	
557,552	54821,86	
557,975	54132,62	
558,398	53838,84	
558,82	53332,64	
559,243	53016,26	
559,666	52824,18	
560,089	52851,29	
560,512	53608,34	
560,934	53852,4	
561,357	53310,04	
561,779	52855,81	
562,202	52629,83	
562,624	52512,32	
563,047	52995,92	
563,469	52462,6	
563,891	51972,22	
564,314	52198,2	
564,736	51434,38	
565,158	51328,17	
565,58	51016,31	
566,002	49909	
566,424	50320,29	
566,846	50864,91	
567,268	50394,86	
567,69	50482,99	
568,111	49554,21	
568,533	49330,48	
568,955	49436,69	
569,377	49111,28	
569,798	49086,42	
570,22	49170,03	
570,641	47958,77	
571,063	48704,51	
571,484	48388,13	
571,905	48921,45	
572,327	49565,5	
572,748	49402,8	
573,169	49418,62	
573,59	49576,8	
574,011	49762,11	
574,432	49328,22	
574,853	49477,37	
575,274	49088,68	
575,695	49068,34	
576,116	51108,97	
576,536	53029,82	
576,957	53023,04	
577,378	52299,9	
577,798	51547,37	
578,219	51768,84	
578,64	52797,06	
579,06	53493,08	
579,48	53054,68	
579,901	52819,66	
580,321	53020,78	
580,741	52403,85	
581,161	52349,61	
581,582	52695,37	
582,002	52821,92	
582,422	53004,96	
582,842	53739,41	
583,262	53400,43	
583,682	53863,7	
584,101	53863,7	
584,521	53352,98	
584,941	52243,4	
585,361	52458,08	
585,78	51368,85	
586,2	52828,7	
586,619	54525,83	
587,039	55599,24	
587,458	55646,7	
587,878	54225,27	
588,297	51872,79	
588,716	50390,34	
589,136	47902,27	
589,555	47389,29	
589,974	47726	
590,393	48223,17	
590,812	48666,09	
591,231	49183,59	
591,65	50144,02	
592,069	51653,59	
592,488	53158,63	
592,906	54351,82	
593,325	54498,71	
593,744	53594,78	
594,162	52433,23	
594,581	51644,55	
594,999	50794,85	
595,418	50738,36	
595,836	50643,44	
596,255	50464,92	
596,673	50788,07	
597,091	50756,43	
597,509	50534,97	
597,928	51129,31	
598,346	51427,6	
598,764	52553	
599,182	53291,96	
599,6	53262,58	
600,018	53011,74	
600,435	52012,9	
600,853	50785,81	
601,271	50080,75	
601,689	49301,1	
602,106	48101,14	
602,524	47895,49	
602,941	47827,7	
603,359	47371,21	
603,776	47090,99	
604,194	46955,4	
604,611	46962,18	
605,028	46263,9	
605,446	46419,82	
605,863	46501,18	
606,28	46392,71	
606,697	46132,83	
607,114	46037,91	
607,531	46349,77	
607,948	46693,26	
608,365	47095,51	
608,782	49027,67	
609,198	51818,55	
609,615	55278,35	
610,032	62080,43	
610,448	63334,63	
610,865	63334,63	
611,281	63334,63	
611,698	63334,63	
612,114	63334,63	
612,531	63334,63	
612,947	63334,63	
613,363	63334,63	
613,779	63334,63	
614,196	61144,86	
614,612	58557,36	
615,028	56557,41	
615,444	52812,88	
615,86	49228,79	
616,276	46304,57	
616,691	44040,23	
617,107	41995,08	
617,523	40883,25	
617,939	39760,11	
618,354	38614,38	
618,77	37735,31	
619,185	37692,37	
619,601	37226,85	
620,016	37344,36	
620,432	37339,84	
620,847	36698,05	
621,262	36173,77	
621,677	36338,73	
622,093	35687,9	
622,508	35672,08	
622,923	35197,52	
623,338	35961,34	
623,753	35321,81	
624,168	35190,74	
624,583	34503,75	
624,997	34537,65	
625,412	34363,64	
625,827	33981,73	
626,242	34178,34	
626,656	33794,17	
627,071	33421,3	
627,485	32295,9	
627,9	31941,11	
628,314	31615,69	
628,728	31739,98	
629,143	31511,74	
629,557	31952,41	
629,971	32942,21	
630,385	34216,76	
630,799	35154,58	
631,213	34747,82	
631,627	33376,1	
632,041	31511,74	
632,455	29970,54	
632,869	29441,74	
633,283	28384,14	
633,697	27656,48	
634,11	27105,08	
634,524	26831,64	
634,937	26616,96	
635,351	26585,32	
635,764	26167,25	
636,178	25850,87	
636,591	25780,82	
637,004	25652,01	
637,418	26178,55	
637,831	25936,75	
638,244	26099,45	
638,657	25658,79	
639,07	25543,54	
639,483	25252,02	
639,896	24976,32	
640,309	24664,46	
640,722	24594,41	
641,135	24630,57	
641,547	24192,16	
641,96	24302,89	
642,373	24684,8	
642,785	24196,68	
643,198	24345,83	
643,61	24176,34	
644,023	23681,44	
644,435	24119,85	
644,848	23695	
645,26	23832,85	
645,672	23175,24	
646,084	23265,63	
646,496	22924,4	
646,908	22901,8	
647,32	22700,67	
647,732	22483,73	
648,144	22809,15	
648,556	22490,51	
648,968	22257,75	
649,38	22711,97	
649,791	23073,55	
650,203	23783,13	
650,615	23819,29	
651,026	23859,97	
651,438	23383,14	
651,849	22836,26	
652,261	22653,22	
652,672	22847,56	
653,083	22895,02	
653,495	22135,72	
653,906	22156,06	
654,317	22034,03	
654,728	21182,07	
655,139	20748,18	
655,55	20178,71	
655,961	19051,05	
656,372	18416,04	
656,783	18336,95	
657,193	19227,32	
657,604	19032,97	
658,015	19613,75	
658,425	19742,56	
658,836	19744,82	
659,246	19837,47	
659,657	19654,43	
660,067	19686,06	
660,478	19887,19	
660,888	19566,29	
661,298	20034,08	
661,708	20199,05	
662,119	20522,2	
662,529	19995,66	
662,939	20241,98	
663,349	19557,25	
663,759	19301,89	
664,169	19249,92	
664,578	18522,25	
664,988	18386,66	
665,398	18420,56	
665,808	18214,92	
666,217	17964,08	
666,627	17943,74	
667,036	18101,93	
667,446	17670,3	
667,855	17717,75	
668,265	17460,13	
668,674	17559,57	
669,083	16969,75	
669,492	16906,48	
669,902	17057,88	
670,311	16662,41	
670,72	16481,63	
671,129	16045,48	
671,538	16185,59	
671,947	15810,46	
672,355	15918,93	
672,764	15525,72	
673,173	15448,89	
673,582	15333,64	
673,99	15453,41	
674,399	14856,81	
674,807	14840,99	
675,216	14567,55	
675,624	14807,1	
676,033	14393,55	
676,441	14140,45	
676,849	14009,38	
677,258	13937,06	
677,666	13989,04	
678,074	14034,24	
678,482	13613,91	
678,89	13688,48	
679,298	13702,04	
679,706	13665,88	
680,114	13295,27	
680,522	13315,61	
680,929	13238,78	
681,337	13087,37	
681,745	13069,29	
682,152	12789,07	
682,56	12624,1	
682,967	12490,77	
683,375	12459,14	
683,782	12459,14	
684,189	11722,43	
684,597	11871,58	
685,004	11690,79	
685,411	11679,5	
685,818	11480,63	
686,225	11049	
686,632	10567,66	
687,039	10065,98	
687,446	9546,22	
687,853	9419,67	
688,26	9388,03	
688,667	9256,96	
689,073	9141,71	
689,48	8994,82	
689,887	9035,5	
690,293	9064,87	
690,7	9193,68	
691,106	9180,13	
691,513	9225,32	
691,919	9354,13	
692,325	9223,06	
692,732	9681,81	
693,138	9706,67	
693,544	9760,9	
693,95	9815,14	
694,356	9618,53	
694,762	9451,31	
695,168	9390,29	
695,574	9245,66	
695,98	9412,89	
696,385	9424,19	
696,791	9209,5	
697,197	9236,62	
697,602	9155,27	
698,008	9153,01	
698,413	9114,59	
698,819	9096,51	
699,224	8825,33	
699,63	8893,13	
700,035	8621,95	
700,44	8791,44	
700,845	8696,52	
701,251	8560,93	
701,656	8662,63	
702,061	8531,56	
702,466	8590,31	
702,871	8615,17	
703,275	8479,58	
703,68	8520,26	
704,085	8721,38	
704,49	8741,72	
704,894	8940,58	
705,299	8863,75	
705,704	9327,01	
706,108	9638,87	
706,513	9903,27	
706,917	9695,37	
707,321	9638,87	
707,726	9873,89	
708,13	10142,81	
708,534	10154,11	
708,938	10172,19	
709,342	9672,77	
709,746	9311,2	
710,15	9094,25	
710,554	8886,35	
710,958	9112,33	
711,362	9062,61	
711,766	9424,19	
712,17	9338,31	
712,573	9157,53	
712,977	8814,03	
713,38	8441,16	
713,784	8120,27	
714,187	8086,37	
714,591	7919,14	
714,994	7788,07	
715,397	7510,11	
715,801	7218,6	
716,204	7012,95	
716,607	6933,86	
717,01	6692,06	
717,413	6461,55	
717,816	6362,12	
718,219	6000,55	
718,622	5980,21	
719,025	5709,03	
719,428	5575,7	
719,83	5611,86	
720,233	5742,93	
720,636	5742,93	
721,038	5919,19	
721,441	5959,87	
721,843	6122,58	
722,246	6165,52	
722,648	5953,09	
723,05	5977,95	
723,453	5803,94	
723,855	5740,67	
724,257	5763,27	
724,659	5535,02	
725,061	5492,09	
725,463	5541,8	
725,865	5460,45	
726,267	5512,43	
726,669	5532,76	
727,07	5598,3	
727,472	5302,26	
727,874	5356,5	
728,276	5376,84	
728,677	5392,65	
729,079	5279,66	
729,48	5354,24	
729,881	5286,44	
730,283	5268,36	
730,684	5123,74	
731,085	5234,47	
731,487	5279,66	
731,888	5295,48	
732,289	5159,89	
732,69	5272,88	
733,091	5388,14	
733,492	5410,73	
733,893	5309,04	
734,294	5544,06	
734,694	5302,26	
735,095	5410,73	
735,496	5458,19	
735,896	5302,26	
736,297	5193,79	
736,697	5155,37	
737,098	5146,33	
737,498	5132,77	
737,899	5101,14	
738,299	5101,14	
738,699	4985,89	
739,099	4990,41	
739,5	4992,67	
739,9	4836,74	
740,3	4918,09	
740,7	4852,56	
741,1	4746,34	
741,5	4814,14	
741,899	4845,78	
742,299	4895,49	
742,699	4762,16	
743,099	4579,12	
743,498	4572,34	
743,898	4592,68	
744,297	4504,54	
744,697	4590,42	
745,096	4635,61	
745,495	4468,39	
745,895	4357,65	
746,294	4371,21	
746,693	4373,47	
747,092	4373,47	
747,491	4262,74	
747,89	4235,62	
748,289	4237,88	
748,688	4260,48	
749,087	4129,41	
749,486	4070,66	
749,885	4020,94	
750,284	4070,66	
750,682	4050,32	
751,081	3998,34	
751,479	3937,33	
751,878	3835,63	
752,276	3883,09	
752,675	3833,37	
753,073	3815,3	
753,471	3722,64	
753,87	3761,06	
754,268	3804	
754,666	3670,67	
755,064	3639,03	
755,462	3663,89	
755,86	3607,39	
756,258	3523,78	
756,656	3557,67	
757,054	3442,42	
757,452	3507,96	
757,849	3485,36	
758,247	3483,1	
758,645	3329,43	
759,042	2985,94	
759,44	2554,31	
759,837	2235,68	
760,234	1709,14	
760,632	1460,55	
761,029	1483,15	
761,426	1313,67	
761,823	1415,36	
762,221	1451,52	
762,618	1589,36	
763,015	1582,59	
763,412	1582,59	
763,809	1639,08	
764,205	1566,77	
764,602	1733,99	
764,999	1713,66	
765,396	1826,65	
765,792	1980,32	
766,189	2161,1	
766,586	2140,76	
766,982	2235,68	
767,378	2427,76	
767,775	2359,97	
768,171	2396,12	
768,567	2393,86	
768,964	2581,43	
769,36	2547,53	
769,756	2635,67	
770,152	2518,15	
770,548	2493,3	
770,944	2552,05	
771,34	2552,05	
771,736	2407,42	
772,132	2552,05	
772,527	2488,78	
772,923	2454,88	
773,319	2405,16	
773,714	2359,97	
774,11	2301,21	
774,505	2323,81	
774,901	2353,19	
775,296	2414,2	
775,691	2319,29	
776,087	2262,79	
776,482	2215,34	
776,877	2192,74	
777,272	2219,86	
777,667	2091,05	
778,062	2206,3	
778,457	2201,78	
778,852	2086,53	
779,247	2050,37	
779,642	2070,71	
780,037	1971,28	
780,431	2045,85	
780,826	1987,09	
781,22	2059,41	
781,615	1944,16	
782,009	1939,64	
782,404	1957,72	
782,798	1959,98	
783,193	1905,74	
783,587	1840,21	
783,981	1792,75	
784,375	1846,99	
784,769	1824,39	
785,163	1842,47	
785,557	1806,31	
785,951	1808,57	
786,345	1840,21	
786,739	1756,59	
787,133	1706,88	
787,527	1738,51	
787,92	1663,94	
788,314	1747,55	
788,707	1700,1	
789,101	1566,77	
789,494	1618,74	
789,888	1600,66	
790,281	1632,3	
790,674	1532,87	
791,068	1596,14	
791,461	1492,19	
791,854	1514,79	
792,247	1498,97	
792,64	1503,49	
793,033	1494,45	
793,426	1487,67	
793,819	1440,22	
794,212	1485,41	
794,605	1465,07	
794,997	1451,52	
795,39	1449,26	
795,782	1456,04	
796,175	1465,07	
796,568	1379,2	
796,96	1376,94	
797,352	1406,32	
797,745	1352,08	
798,137	1442,48	
798,529	1345,3	
798,921	1365,64	
799,314	1340,78	
799,706	1322,71	
800,098	1422,14	
800,49	1363,38	
800,882	1379,2	
801,273	1334	
801,665	1356,6	
802,057	1270,73	
802,449	1354,34	
802,84	1218,75	
803,232	1241,35	
803,623	1311,41	
804,015	1282,03	
804,406	1272,99	
804,798	1259,43	
805,189	1248,13	
805,58	1288,81	
805,972	1205,19	
806,363	1200,67	
806,754	1230,05	
807,145	1198,41	
807,536	1214,23	
807,927	1166,78	
808,318	1132,88	
808,709	1135,14	
809,099	1286,55	
809,49	1211,97	
809,881	1230,05	
810,271	1157,74	
810,662	1254,91	
811,053	1288,81	
811,443	1419,88	
811,833	1302,37	
812,224	1221,01	
812,614	1200,67	
813,004	1105,76	
813,395	1098,98	
813,785	1049,27	
814,175	1035,71	
814,565	1056,05	
814,955	1004,07	
815,345	888,82	
815,735	958,87	
816,124	952,09	
816,514	956,61	
816,904	985,99	
817,294	877,52	
817,683	891,08	
818,073	909,16	
818,462	961,13	
818,852	918,2	
819,241	940,79	
819,63	924,98	
820,02	902,38	
820,409	895,6	
820,798	897,86	
821,187	922,72	
821,576	945,31	
821,965	906,9	
822,354	832,32	
822,743	823,28	
823,132	854,92	
823,521	857,18	
823,91	850,4	
824,298	832,32	
824,687	854,92	
825,076	852,66	
825,464	811,98	
825,853	873	
826,241	918,2	
826,629	870,74	
827,018	873	
827,406	848,14	
827,794	744,19	
828,182	839,1	
828,571	845,88	
828,959	830,06	
829,347	784,87	
829,735	814,24	
830,122	870,74	
830,51	784,87	
830,898	857,18	
831,286	798,43	
831,673	760,01	
832,061	895,6	
832,449	811,98	
832,836	780,35	
833,224	845,88	
833,611	701,25	
833,998	732,89	
834,386	775,83	
834,773	769,05	
835,16	753,23	
835,547	739,67	
835,934	719,33	
836,321	739,67	
836,708	746,45	
837,095	764,53	
837,482	771,31	
837,869	821,02	
838,256	780,35	
838,642	807,46	
839,029	784,87	
839,416	787,13	
839,802	793,91	
840,189	832,32	
840,575	769,05	
840,962	780,35	
841,348	755,49	
841,734	816,5	
842,12	746,45	
842,507	728,37	
842,893	773,57	
843,279	753,23	
843,665	719,33	
844,051	739,67	
844,437	708,03	
844,822	735,15	
845,208	647,02	
845,594	730,63	
845,98	753,23	
846,365	656,06	
846,751	705,77	
847,136	694,47	
847,522	748,71	
847,907	674,13	
848,293	635,72	
848,678	678,65	
849,063	676,39	
849,448	653,8	
849,834	635,72	
850,219	674,13	
850,604	633,46	
850,989	640,24	
851,374	687,69	
851,758	633,46	
852,143	703,51	
852,528	647,02	
852,913	640,24	
853,297	633,46	
853,682	656,06	
854,067	608,6	
854,451	640,24	
854,836	613,12	
855,22	597,3	
855,604	608,6	
855,989	592,78	
856,373	581,48	
856,757	590,52	
857,141	624,42	
857,525	565,66	
857,909	595,04	
858,293	583,74	
858,677	628,94	
859,061	619,9	
859,445	644,76	
859,828	581,48	
860,212	604,08	
860,596	549,84	
860,979	590,52	
861,363	570,18	
861,746	633,46	
862,13	649,28	
862,513	635,72	
862,896	588,26	
863,28	547,58	
863,663	538,55	
864,046	563,4	
864,429	565,66	
864,812	574,7	
865,195	567,92	
865,578	581,48	
865,961	497,87	
866,344	554,36	
866,726	590,52	
867,109	540,8	
867,492	520,47	
867,874	524,99	
868,257	543,06	
868,639	547,58	
869,022	527,25	
869,404	549,84	
869,787	515,95	
870,169	470,75	
870,551	563,4	
870,933	502,39	
871,315	459,45	
871,697	538,55	
872,079	561,14	
872,461	493,35	
872,843	468,49	
873,225	504,65	
873,607	518,21	
873,989	488,83	
874,37	482,05	
874,752	518,21	
875,134	522,73	
875,515	543,06	
875,896	515,95	
876,278	484,31	
876,659	506,91	
877,041	477,53	
877,422	466,23	
877,803	470,75	
878,184	473,01	
878,565	511,43	
878,946	427,81	
879,327	463,97	
879,708	534,03	
880,089	470,75	
880,47	545,32	
880,851	475,27	
881,231	502,39	
881,612	570,18	
881,993	552,1	
882,373	461,71	
882,754	491,09	
883,134	522,73	
883,514	488,83	
883,895	493,35	
884,275	529,51	
884,655	466,23	
885,035	468,49	
885,415	524,99	
885,795	486,57	
886,175	477,53	
886,555	509,17	
886,935	504,65	
887,315	502,39	
887,695	540,8	
888,075	482,05	
888,454	484,31	
888,834	423,29	
889,213	536,29	
889,593	454,93	
889,972	448,15	
890,352	500,13	
890,731	463,97	
891,11	493,35	
891,49	452,67	
891,869	513,69	
892,248	461,71	
892,627	529,51	
893,006	463,97	
893,385	538,55	
893,764	509,17	
894,143	466,23	
894,522	468,49	
894,9	457,19	
895,279	441,37	
895,658	439,11	
896,036	454,93	
896,415	409,73	
896,793	441,37	
897,172	432,33	
897,55	450,41	
897,928	407,48	
898,307	411,99	
898,685	396,18	
899,063	405,22	
899,441	387,14	
899,819	348,72	
900,197	418,77	
900,575	454,93	
900,953	473,01	
901,331	382,62	
901,708	409,73	
902,086	461,71	
902,464	389,4	
902,841	448,15	
903,219	434,59	
903,596	393,92	
903,974	375,84	
904,351	398,44	
904,729	409,73	
905,106	430,07	
905,483	409,73	
905,86	400,7	
906,237	479,79	
906,614	411,99	
906,991	450,41	
907,368	362,28	
907,745	402,96	
908,122	430,07	
908,499	463,97	
908,875	373,58	
909,252	344,2	
909,629	432,33	
910,005	341,94	
910,382	375,84	
910,758	384,88	
911,135	389,4	
911,511	468,49	
911,887	382,62	
912,264	396,18	
912,64	414,25	
913,016	389,4	
913,392	387,14	
913,768	366,8	
914,144	360,02	
914,52	373,58	
914,896	407,48	
915,271	427,81	
915,647	378,1	
916,023	423,29	
916,398	393,92	
916,774	384,88	
917,15	362,28	
917,525	373,58	
917,9	382,62	
918,276	364,54	
918,651	346,46	
919,026	421,03	
919,402	398,44	
919,777	339,68	
920,152	425,55	
920,527	398,44	
920,902	378,1	
921,277	348,72	
921,652	369,06	
922,026	312,56	
922,401	389,4	
922,776	319,34	
923,15	400,7	
923,525	355,5	
923,9	328,38	
924,274	353,24	
924,648	407,48	
925,023	357,76	
925,397	407,48	
925,771	335,16	
926,146	380,36	
926,52	411,99	
926,894	360,02	
927,268	380,36	
927,642	366,8	
928,016	380,36	
928,39	373,58	
928,764	405,22	
929,137	384,88	
929,511	355,5	
929,885	362,28	
930,258	448,15	
930,632	373,58	
931,005	355,5	
931,379	380,36	
931,752	339,68	
932,125	369,06	
932,499	375,84	
932,872	430,07	
933,245	344,2	
933,618	387,14	
933,991	278,66	
934,364	364,54	
934,737	337,42	
935,11	371,32	
935,483	369,06	
935,856	332,9	
936,228	362,28	
936,601	366,8	
936,974	366,8	
937,346	382,62	
937,719	314,82	
938,091	299	
938,464	350,98	
938,836	323,86	
939,208	366,8	
939,58	364,54	
939,953	308,04	
940,325	373,58	
940,697	382,62	
941,069	314,82	
941,441	299	
941,813	330,64	
942,184	348,72	
942,556	321,6	
942,928	364,54	
943,3	425,55	
943,671	400,7	
944,043	337,42	
944,414	332,9	
944,786	357,76	
945,157	294,48	
945,529	294,48	
945,9	249,29	
946,271	292,22	
946,642	382,62	
947,013	423,29	
947,384	364,54	
947,756	337,42	
948,126	353,24	
948,497	362,28	
948,868	323,86	
949,239	416,51	
949,61	348,72	
949,98	326,12	
950,351	321,6	
950,722	346,46	
951,092	299	
951,463	310,3	
951,833	317,08	
952,203	387,14	
952,574	326,12	
952,944	299	
953,314	326,12	
953,684	348,72	
954,054	296,74	
954,424	317,08	
954,794	289,96	
955,164	339,68	
955,534	305,78	
955,904	360,02	
956,274	389,4	
956,643	330,64	
957,013	346,46	
957,383	332,9	
957,752	364,54	
958,122	299	
958,491	337,42	
958,86	299	
959,23	323,86	
959,599	289,96	
959,968	240,25	
960,337	353,24	
960,706	312,56	
961,075	378,1	
961,444	380,36	
961,813	328,38	
962,182	344,2	
962,551	305,78	
962,92	373,58	
963,288	384,88	
963,657	362,28	
964,026	371,32	
964,394	337,42	
964,763	321,6	
965,131	292,22	
965,499	344,2	
965,868	389,4	
966,236	321,6	
966,604	283,18	
966,972	339,68	
967,34	326,12	
967,708	339,68	
968,076	319,34	
968,444	317,08	
968,812	355,5	
969,18	312,56	
969,548	414,25	
969,915	407,48	
970,283	371,32	
970,651	308,04	
971,018	396,18	
971,386	337,42	
971,753	308,04	
972,121	303,52	
972,488	308,04	
972,855	310,3	
973,222	330,64	
973,589	421,03	
973,957	355,5	
974,324	308,04	
974,691	312,56	
975,057	310,3	
975,424	319,34	
975,791	371,32	
976,158	425,55	
976,525	341,94	
976,891	317,08	
977,258	380,36	
977,624	289,96	
977,991	339,68	
978,357	274,15	
978,724	317,08	
979,09	362,28	
979,456	357,76	
979,822	260,59	
980,189	312,56	
980,555	330,64	
980,921	312,56	
981,287	332,9	
981,653	355,5	
982,019	369,06	
982,384	364,54	
982,75	314,82	
983,116	396,18	
983,481	294,48	
983,847	310,3	
984,213	312,56	
984,578	364,54	
984,944	314,82	
985,309	378,1	
985,674	344,2	
986,039	337,42	
986,405	366,8	
986,77	296,74	
987,135	382,62	
987,5	362,28	
987,865	280,92	
988,23	391,66	
988,595	350,98	
988,96	330,64	
989,324	330,64	
989,689	308,04	
990,054	294,48	
990,418	274,15	
990,783	364,54	
991,147	296,74	
991,512	353,24	
991,876	301,26	
992,24	330,64	
992,605	317,08	
992,969	337,42	
993,333	330,64	
993,697	348,72	
994,061	319,34	
994,425	303,52	
994,789	289,96	
995,153	350,98	
995,517	292,22	
995,881	308,04	
996,244	341,94	
996,608	280,92	
996,971	274,15	
997,335	326,12	
997,698	326,12	
998,062	323,86	
998,425	353,24	
998,789	285,44	
999,152	339,68	
999,515	384,88	
999,878	278,66	
1000,241	321,6	
1000,604	332,9	
1000,967	323,86	
1001,33	323,86	
1001,693	319,34	
1002,056	350,98	
1002,419	341,94	
1002,781	310,3	
1003,144	319,34	
1003,507	344,2	
1003,869	332,9	
1004,232	323,86	
1004,594	339,68	
1004,956	303,52	
1005,319	299	
1005,681	314,82	
1006,043	301,26	
1006,405	332,9	
1006,767	382,62	
1007,129	294,48	
1007,491	337,42	
1007,853	276,41	
1008,215	332,9	
1008,577	393,92	
1008,939	332,9	
1009,3	330,64	
1009,662	364,54	
1010,024	323,86	
1010,385	269,63	
1010,747	341,94	
1011,108	409,73	
1011,469	380,36	
1011,831	337,42	
1012,192	346,46	
1012,553	364,54	
1012,914	285,44	
1013,275	262,85	
1013,636	357,76	
1013,997	380,36	
1014,358	308,04	
1014,719	319,34	
1015,08	308,04	
1015,441	337,42	
1015,801	271,89	
1016,162	330,64	
1016,523	335,16	
1016,883	258,33	
1017,244	339,68	
1017,604	289,96	
1017,964	251,55	
1018,325	312,56	
1018,685	409,73	
1019,045	355,5	
1019,405	289,96	
1019,765	355,5	
1020,125	350,98	
1020,485	375,84	
1020,845	280,92	
1021,205	321,6	
1021,565	317,08	
1021,925	328,38	
1022,284	341,94	
1022,644	317,08	
1023,004	369,06	
1023,363	357,76	
1023,723	294,48	
1024,082	355,5	
1024,441	348,72	
1024,801	310,3	
1025,16	323,86	
1025,519	332,9	
1025,878	312,56	
1026,237	323,86	
1026,596	285,44	
1026,955	355,5	
1027,314	310,3	
1027,673	360,02	
1028,032	373,58	
1028,39	292,22	
1028,749	321,6	
1029,108	285,44	
1029,466	310,3	
1029,825	321,6	
1030,183	339,68	
1030,542	369,06	
1030,9	355,5	
1031,258	303,52	
1031,616	328,38	
1031,975	328,38	
1032,333	328,38	
