FLMS05509_1:101		
187,923	-34,46	
188,387	-34,46	
188,851	-34,46	
189,315	-90,96	
189,779	-52,54	
190,242	-100	
190,706	-25,42	
191,17	-63,84	
191,633	-57,06	
192,097	-59,32	
192,56	-34,46	
193,024	-59,32	
193,487	-20,9	
193,951	-7,34	
194,414	-0,56	
194,877	-0,56	
195,34	40,11	
195,803	60,45	
196,266	103,39	
196,73	92,09	
197,193	132,76	
197,656	94,35	
198,118	132,76	
198,581	252,54	
199,044	505,64	
199,507	593,77	
199,97	641,23	
200,432	620,89	
200,895	521,46	
201,358	638,97	
201,82	616,37	
202,283	607,33	
202,745	566,65	
203,207	629,93	
203,67	593,77	
204,132	609,59	
204,594	614,11	
205,056	589,25	
205,519	652,53	
205,981	571,17	
206,443	605,07	
206,905	688,68	
207,367	672,86	
207,829	582,47	
208,291	596,03	
208,752	643,49	
209,214	641,23	
209,676	636,71	
210,138	681,9	
210,599	616,37	
211,061	627,67	
211,522	616,37	
211,984	614,11	
212,445	586,99	
212,907	582,47	
213,368	641,23	
213,829	614,11	
214,291	620,89	
214,752	661,56	
215,213	623,15	
215,674	589,25	
216,135	593,77	
216,596	566,65	
217,057	600,55	
217,518	607,33	
217,979	614,11	
218,44	675,12	
218,9	580,21	
219,361	668,34	
219,822	605,07	
220,282	661,56	
220,743	620,89	
221,204	600,55	
221,664	607,33	
222,125	638,97	
222,585	668,34	
223,045	544,05	
223,506	618,63	
223,966	654,79	
224,426	602,81	
224,886	539,53	
225,346	582,47	
225,806	596,03	
226,266	668,34	
226,726	625,41	
227,186	643,49	
227,646	577,95	
228,106	643,49	
228,566	539,53	
229,025	618,63	
229,485	609,59	
229,945	598,29	
230,404	645,75	
230,864	562,13	
231,323	550,83	
231,783	627,67	
232,242	627,67	
232,702	677,38	
233,161	609,59	
233,62	657,04	
234,079	650,27	
234,538	596,03	
234,998	629,93	
235,457	645,75	
235,916	589,25	
236,375	679,64	
236,834	634,45	
237,292	611,85	
237,751	672,86	
238,21	591,51	
238,669	596,03	
239,127	632,19	
239,586	688,68	
240,045	605,07	
240,503	555,35	
240,962	607,33	
241,42	666,08	
241,878	618,63	
242,337	634,45	
242,795	663,82	
243,253	636,71	
243,712	638,97	
244,17	636,71	
244,628	586,99	
245,086	645,75	
245,544	623,15	
246,002	620,89	
246,46	704,5	
246,918	697,72	
247,375	596,03	
247,833	625,41	
248,291	598,29	
248,749	643,49	
249,206	605,07	
249,664	652,53	
250,121	718,06	
250,579	623,15	
251,036	609,59	
251,494	634,45	
251,951	618,63	
252,408	709,02	
252,866	657,04	
253,323	645,75	
253,78	659,3	
254,237	609,59	
254,694	577,95	
255,151	593,77	
255,608	586,99	
256,065	688,68	
256,522	605,07	
256,979	584,73	
257,435	634,45	
257,892	638,97	
258,349	627,67	
258,805	620,89	
259,262	620,89	
259,718	681,9	
260,175	643,49	
260,631	600,55	
261,088	652,53	
261,544	715,8	
262	596,03	
262,457	618,63	
262,913	605,07	
263,369	681,9	
263,825	650,27	
264,281	620,89	
264,737	568,91	
265,193	643,49	
265,649	632,19	
266,105	648,01	
266,561	697,72	
267,016	643,49	
267,472	564,39	
267,928	643,49	
268,383	657,04	
268,839	568,91	
269,294	600,55	
269,75	645,75	
270,205	650,27	
270,661	629,93	
271,116	652,53	
271,571	663,82	
272,026	605,07	
272,482	562,13	
272,937	666,08	
273,392	749,7	
273,847	668,34	
274,302	616,37	
274,757	650,27	
275,212	602,81	
275,666	580,21	
276,121	679,64	
276,576	645,75	
277,031	611,85	
277,485	629,93	
277,94	627,67	
278,395	614,11	
278,849	559,87	
279,303	634,45	
279,758	611,85	
280,212	627,67	
280,667	638,97	
281,121	598,29	
281,575	650,27	
282,029	643,49	
282,483	591,51	
282,937	638,97	
283,391	654,79	
283,845	611,85	
284,299	605,07	
284,753	618,63	
285,207	634,45	
285,661	600,55	
286,115	611,85	
286,568	611,85	
287,022	605,07	
287,475	559,87	
287,929	636,71	
288,383	652,53	
288,836	724,84	
289,289	697,72	
289,743	598,29	
290,196	641,23	
290,649	596,03	
291,102	605,07	
291,556	605,07	
292,009	596,03	
292,462	562,13	
292,915	598,29	
293,368	706,76	
293,821	648,01	
294,274	634,45	
294,726	627,67	
295,179	614,11	
295,632	641,23	
296,084	575,69	
296,537	650,27	
296,99	605,07	
297,442	643,49	
297,895	620,89	
298,347	584,73	
298,8	611,85	
299,252	589,25	
299,704	609,59	
300,156	629,93	
300,609	648,01	
301,061	666,08	
301,513	582,47	
301,965	564,39	
302,417	620,89	
302,869	629,93	
303,321	638,97	
303,773	632,19	
304,224	636,71	
304,676	679,64	
305,128	661,56	
305,579	611,85	
306,031	620,89	
306,483	582,47	
306,934	627,67	
307,386	614,11	
307,837	634,45	
308,288	616,37	
308,74	695,46	
309,191	586,99	
309,642	629,93	
310,093	618,63	
310,544	632,19	
310,996	638,97	
311,447	666,08	
311,898	557,61	
312,348	555,35	
312,799	584,73	
313,25	611,85	
313,701	580,21	
314,152	629,93	
314,602	650,27	
315,053	575,69	
315,504	584,73	
315,954	623,15	
316,405	607,33	
316,855	666,08	
317,305	616,37	
317,756	598,29	
318,206	634,45	
318,656	591,51	
319,107	593,77	
319,557	623,15	
320,007	650,27	
320,457	690,94	
320,907	618,63	
321,357	638,97	
321,807	580,21	
322,257	657,04	
322,706	627,67	
323,156	591,51	
323,606	607,33	
324,056	627,67	
324,505	634,45	
324,955	586,99	
325,404	582,47	
325,854	591,51	
326,303	623,15	
326,753	546,31	
327,202	566,65	
327,651	573,43	
328,1	704,5	
328,55	562,13	
328,999	586,99	
329,448	684,16	
329,897	686,42	
330,346	629,93	
330,795	650,27	
331,244	616,37	
331,693	607,33	
332,141	684,16	
332,59	693,2	
333,039	706,76	
333,487	758,74	
333,936	718,06	
334,385	733,88	
334,833	738,4	
335,282	699,98	
335,73	715,8	
336,178	727,1	
336,627	727,1	
337,075	756,48	
337,523	767,78	
337,971	758,74	
338,419	776,82	
338,867	776,82	
339,315	815,23	
339,763	892,07	
340,211	733,88	
340,659	797,15	
341,107	819,75	
341,555	831,05	
342,002	914,67	
342,45	794,89	
342,898	862,69	
343,345	905,63	
343,793	937,26	
344,24	898,85	
344,688	986,98	
345,135	1034,44	
345,582	1070,59	
346,03	1000,54	
346,477	998,28	
346,924	1011,84	
347,371	1029,92	
347,818	1057,03	
348,265	1050,25	
348,712	1133,87	
349,159	1127,09	
349,606	1158,73	
350,053	1163,25	
350,5	1034,44	
350,947	1215,22	
351,393	1226,52	
351,84	1188,1	
352,287	1185,84	
352,733	1219,74	
353,18	1197,14	
353,626	1276,24	
354,072	1278,5	
354,519	1269,46	
354,965	1344,03	
355,411	1405,05	
355,858	1328,21	
356,304	1432,17	
356,75	1463,8	
357,196	1420,87	
357,642	1545,16	
358,088	1479,62	
358,534	1463,8	
358,98	1466,06	
359,425	1504,48	
359,871	1633,29	
360,317	1560,98	
360,763	1610,69	
361,208	1522,56	
361,654	1640,07	
362,099	1592,61	
362,545	1637,81	
362,99	1757,58	
363,436	1667,19	
363,881	1689,79	
364,326	1676,23	
364,771	1825,38	
365,217	1866,05	
365,662	1807,3	
366,107	1805,04	
366,552	1852,49	
366,997	1922,55	
367,442	1915,77	
367,887	1945,15	
368,332	1913,51	
368,776	1895,43	
369,221	2021,98	
369,666	1936,11	
370,11	2069,44	
370,555	2089,78	
371	2121,41	
371,444	2157,57	
371,888	2191,47	
372,333	2044,58	
372,777	2173,39	
373,221	2270,56	
373,666	2211,81	
374,11	2426,49	
374,554	2403,89	
374,998	2394,85	
375,442	2403,89	
375,886	2478,47	
376,33	2557,56	
376,774	2523,66	
377,218	2623,09	
377,662	2600,5	
378,106	2534,96	
378,549	2623,09	
378,993	2747,39	
379,436	2729,31	
379,88	2695,41	
380,324	2774,5	
380,767	2774,5	
381,21	2858,12	
381,654	2849,08	
382,097	2846,82	
382,54	3007,27	
382,984	3002,75	
383,427	2991,45	
383,87	3023,08	
384,313	3025,34	
384,756	3038,9	
385,199	3099,92	
385,642	2971,11	
386,085	3077,32	
386,528	3133,82	
386,97	3212,91	
387,413	3192,57	
387,856	3273,93	
388,298	3348,5	
388,741	3391,44	
389,183	3289,74	
389,626	3303,3	
390,068	3511,21	
390,511	3583,52	
390,953	3628,72	
391,395	3423,07	
391,838	3755,27	
392,28	3768,83	
392,722	3664,88	
393,164	3800,47	
393,606	3838,88	
394,048	3904,42	
394,49	3856,96	
394,932	4021,93	
395,374	4035,49	
395,815	4060,35	
396,257	4024,19	
396,699	4101,02	
397,141	4159,78	
397,582	4320,23	
398,024	4315,71	
398,465	4288,59	
398,907	4562,03	
399,348	4442,26	
399,789	4620,78	
400,231	4491,97	
400,672	4451,3	
401,113	4408,36	
401,554	4297,63	
401,995	4464,85	
402,436	4643,38	
402,877	4559,77	
403,318	4891,96	
403,759	4609,48	
404,2	4806,09	
404,641	4774,45	
405,082	4708,92	
405,522	4708,92	
405,963	4778,97	
406,404	4598,18	
406,844	4975,58	
407,285	4616,26	
407,725	4806,09	
408,166	4846,77	
408,606	5154,1	
409,046	4903,26	
409,487	4964,28	
409,927	4991,39	
410,367	5084,05	
410,807	5233,2	
411,247	5423,02	
411,687	5368,79	
412,127	5508,89	
412,567	5328,11	
413,007	5646,74	
413,447	5506,63	
413,886	5655,78	
414,326	5526,97	
414,766	5725,84	
415,205	5895,33	
415,645	5757,48	
416,084	6220,74	
416,524	5911,14	
416,963	6213,96	
417,403	6078,37	
417,842	6229,78	
418,281	6209,44	
418,721	6387,97	
419,16	6177,8	
419,599	6331,47	
420,038	6765,36	
420,477	6622,99	
420,916	6767,62	
421,355	6706,6	
421,794	6941,63	
422,233	6670,45	
422,671	6808,3	
423,11	6681,75	
423,549	6858,01	
423,987	6604,91	
424,426	6537,12	
424,864	6923,55	
425,303	6697,56	
425,741	6781,18	
426,18	6613,95	
426,618	6860,27	
427,056	7061,4	
427,495	7111,11	
427,933	6652,37	
428,371	6803,78	
428,809	6943,89	
429,247	7158,57	
429,685	6948,4	
430,123	7038,8	
430,561	6984,56	
430,999	7004,9	
431,436	7359,69	
431,874	7242,18	
432,312	7074,96	
432,749	7337,1	
433,187	7160,83	
433,625	7610,53	
434,062	7452,35	
434,5	7694,15	
434,937	8010,52	
435,374	8383,4	
435,812	8119	
436,249	8085,1	
436,686	7868,15	
437,123	7967,59	
437,56	8211,65	
437,997	7972,11	
438,434	8306,56	
438,871	8067,02	
439,308	8681,69	
439,745	8496,39	
440,182	8851,18	
440,618	8715,59	
441,055	9002,59	
441,492	8704,29	
441,928	8661,35	
442,365	9056,82	
442,801	9531,39	
443,238	9266,99	
443,674	9470,37	
444,111	9522,35	
444,547	9795,79	
444,983	9522,35	
445,419	9585,62	
445,855	9628,56	
446,292	9865,84	
446,728	9872,62	
447,164	10019,51	
447,599	10394,64	
448,035	10322,33	
448,471	9748,33	
448,907	10385,6	
449,343	10552,83	
449,778	10189	
450,214	10424,02	
450,65	10733,62	
451,085	10681,64	
451,521	10769,77	
451,956	10299,73	
452,392	10873,73	
452,827	10236,45	
453,262	10640,96	
453,697	10751,69	
454,133	10738,14	
454,568	10844,35	
455,003	10733,62	
455,438	10729,1	
455,873	11565,23	
456,308	11237,56	
456,743	11056,77	
457,178	11298,57	
457,612	11115,53	
458,047	11113,27	
458,482	12026,24	
458,917	11416,08	
459,351	11716,64	
459,786	11856,75	
460,22	11682,74	
460,655	11560,71	
461,089	11716,64	
461,523	12315,5	
461,958	11987,82	
462,392	12017,2	
462,826	12557,3	
463,26	12039,8	
463,694	12690,63	
464,128	12744,86	
464,562	13309,82	
464,996	12939,21	
465,43	13167,45	
465,864	13434,11	
466,298	13655,57	
466,732	13377,61	
467,165	13947,09	
467,599	13605,86	
468,033	14155	
468,466	14970,79	
468,9	13976,47	
469,333	15011,47	
469,767	15031,81	
470,2	14803,57	
470,633	15393,38	
471,066	15063,45	
471,5	15626,14	
471,933	16380,93	
472,366	15666,82	
472,799	16430,64	
473,232	16758,32	
473,665	16728,94	
474,098	16812,55	
474,531	17806,88	
474,963	17881,45	
475,396	17628,35	
475,829	18527,76	
476,262	18387,65	
476,694	18789,9	
477,127	18855,44	
477,559	19510,79	
477,992	19404,57	
478,424	20315,29	
478,856	20285,91	
479,289	20100,6	
479,721	20952,56	
480,153	20638,44	
480,585	21350,29	
481,017	21436,16	
481,449	21483,62	
481,881	21578,53	
482,313	21879,09	
482,745	21555,93	
483,177	22136,71	
483,609	22663,25	
484,041	22511,84	
484,472	22660,99	
484,904	23119,73	
485,336	22889,23	
485,767	23045,16	
486,199	23221,42	
486,63	23277,92	
487,062	23368,31	
487,493	23542,32	
487,924	23546,84	
488,355	23883,55	
488,787	23858,69	
489,218	23818,02	
489,649	24283,54	
490,08	24281,28	
490,511	24541,16	
490,942	24595,4	
491,373	24376,2	
491,804	24907,25	
492,234	25124,2	
492,665	25343,4	
493,096	25266,57	
493,526	25497,07	
493,957	25865,42	
494,388	25544,53	
494,818	26260,89	
495,249	26213,44	
495,679	26161,46	
496,109	26046,21	
496,54	26297,05	
496,97	26629,24	
497,4	26491,39	
497,83	26651,84	
498,26	27176,12	
498,69	27239,4	
499,12	27951,24	
499,55	27490,24	
499,98	28513,94	
500,41	28129,77	
500,84	28301,52	
501,269	28518,46	
501,699	29096,98	
502,129	29345,56	
502,558	29352,34	
502,988	29817,86	
503,417	30179,43	
503,847	30550,04	
504,276	30778,29	
504,706	30642,7	
505,135	30785,07	
505,564	31160,2	
505,993	31905,94	
506,422	31698,04	
506,851	31887,86	
507,28	32000,85	
507,709	32242,66	
508,138	32611,01	
508,567	33185	
508,996	33203,08	
509,425	33395,17	
509,854	33587,25	
510,282	33442,62	
510,711	34330,74	
511,14	33765,78	
511,568	33914,93	
511,997	34012,1	
512,425	34423,39	
512,853	34427,91	
513,282	34891,17	
513,71	35191,73	
514,138	35490,03	
514,566	35763,47	
514,994	35810,92	
515,423	36005,27	
515,851	35962,33	
516,279	36003,01	
516,706	36138,6	
517,134	36439,15	
517,562	36432,38	
517,99	36595,08	
518,418	36470,79	
518,845	36317,12	
519,273	36798,47	
519,701	36635,76	
520,128	36680,96	
520,556	36967,95	
520,983	37126,14	
521,41	36972,47	
521,838	36909,2	
522,265	36439,15	
522,692	37080,95	
523,119	36513,73	
523,546	36915,98	
523,973	36925,02	
524,4	37024,45	
524,827	36893,38	
525,254	36477,57	
525,681	37297,89	
526,108	36904,68	
526,535	36882,08	
526,962	36852,7	
527,388	36943,1	
527,815	36509,21	
528,241	36922,76	
528,668	37214,28	
529,094	36990,55	
529,521	36710,33	
529,947	37397,32	
530,373	36823,33	
530,8	37166,82	
531,226	36671,92	
531,652	37209,76	
532,078	37363,42	
532,504	37325,01	
532,93	37654,94	
533,356	37754,37	
533,782	37973,58	
534,208	37693,36	
534,634	37747,6	
535,059	37673,02	
535,485	38161,14	
535,911	37930,64	
536,336	38278,65	
536,762	38292,21	
537,187	38052,67	
537,613	38906,89	
538,038	39044,74	
538,464	39435,69	
538,889	38913,67	
539,314	39526,08	
539,739	40061,66	
540,164	39736,24	
540,59	40113,63	
541,015	40366,74	
541,44	41469,53	
541,865	41370,1	
542,289	41062,76	
542,714	40909,09	
543,139	41153,16	
543,564	41293,26	
543,988	41474,05	
544,413	41437,89	
544,838	42567,81	
545,262	42536,17	
545,687	42859,33	
546,111	42646,9	
546,535	42963,28	
546,96	42538,43	
547,384	42838,99	
547,808	43302,25	
548,233	43087,57	
548,657	43286,43	
549,081	43580,21	
549,505	43709,02	
549,929	43582,47	
550,353	43507,9	
550,776	43652,52	
551,2	43175,7	
551,624	43898,85	
552,048	44251,38	
552,471	44341,77	
552,895	44554,2	
553,319	44825,38	
553,742	44436,68	
554,166	44811,82	
554,589	45177,91	
555,012	44565,49	
555,436	45220,84	
555,859	45144,01	
556,282	44509	
556,705	44850,23	
557,128	45150,79	
557,552	44466,06	
557,975	44391,49	
558,398	44176,8	
558,82	44497,7	
559,243	45166,61	
559,666	44929,33	
560,089	44972,26	
560,512	45101,07	
560,934	45180,17	
561,357	44692,05	
561,779	44459,28	
562,202	44011,84	
562,624	44047,99	
563,047	44536,12	
563,469	44499,96	
563,891	44314,65	
564,314	44669,45	
564,736	44000,54	
565,158	44099,97	
565,58	44461,54	
566,002	44215,22	
566,424	44434,42	
566,846	44298,84	
567,268	43923,7	
567,69	43955,34	
568,111	44111,27	
568,533	44366,63	
568,955	44411,83	
569,377	44572,27	
569,798	44985,82	
570,22	45397,11	
570,641	44649,11	
571,063	45327,06	
571,484	45718,01	
571,905	45528,18	
572,327	45946,25	
572,748	46267,15	
573,169	46090,88	
573,59	46355,28	
574,011	45885,23	
574,432	46233,25	
574,853	46592,56	
575,274	46034,38	
575,695	46014,04	
576,116	45977,89	
576,536	45342,88	
576,957	45553,04	
577,378	45921,39	
577,798	45797,1	
578,219	45467,17	
578,64	44902,21	
579,06	45268,3	
579,48	44567,75	
579,901	44427,65	
580,321	45049,1	
580,741	44264,94	
581,161	44371,15	
581,582	44644,59	
582,002	44777,92	
582,422	44032,18	
582,842	44479,62	
583,262	44095,45	
583,682	44565,49	
584,101	44330,47	
584,521	44988,08	
584,941	44280,76	
585,361	44386,97	
585,78	43885,29	
586,2	44188,1	
586,619	44529,34	
587,039	44131,61	
587,458	44228,78	
587,878	44755,32	
588,297	44843,45	
588,716	44653,63	
589,136	44255,9	
589,555	45270,56	
589,974	45403,89	
590,393	45487,5	
590,812	45650,21	
591,231	46210,65	
591,65	46118	
592,069	46978,99	
592,488	46705,55	
592,906	46836,62	
593,325	46823,06	
593,744	47227,57	
594,162	48323,59	
594,581	48262,57	
594,999	48590,25	
595,418	48926,96	
595,836	49799,26	
596,255	50364,21	
596,673	51035,38	
597,091	50651,21	
597,509	51286,22	
597,928	52359,64	
598,346	51421,81	
598,764	51683,95	
599,182	52133,66	
599,6	51846,66	
600,018	51627,46	
600,435	51485,09	
600,853	51439,89	
601,271	51311,08	
601,689	51186,79	
602,106	51071,54	
602,524	50897,53	
602,941	50422,97	
603,359	49887,39	
603,776	49803,78	
604,194	49993,6	
604,611	50133,71	
605,028	49801,52	
605,446	48845,61	
605,863	49030,91	
606,28	48217,38	
606,697	48626,41	
607,114	48215,12	
607,531	48023,03	
607,948	46782,39	
608,365	47044,53	
608,782	46917,98	
609,198	46359,8	
609,615	45582,42	
610,032	46366,58	
610,448	46701,03	
610,865	46999,33	
611,281	47358,64	
611,698	46151,89	
612,114	45268,3	
612,531	45318,02	
612,947	44603,91	
613,363	44445,72	
613,779	43982,46	
614,196	43403,94	
614,612	43392,64	
615,028	43853,65	
615,444	42829,95	
615,86	43069,49	
616,276	42707,92	
616,691	42710,18	
617,107	42307,93	
617,523	42927,12	
617,939	41993,81	
618,354	41749,75	
618,77	41785,91	
619,185	41422,07	
619,601	41505,69	
620,016	41333,94	
620,432	41229,99	
620,847	41008,53	
621,262	40811,92	
621,677	40317,02	
622,093	40601,76	
622,508	40418,71	
622,923	39923,81	
623,338	41062,76	
623,753	40305,72	
624,168	40113,63	
624,583	39582,58	
624,997	40167,87	
625,412	40005,16	
625,827	40158,83	
626,242	39670,71	
626,656	39042,48	
627,071	39431,17	
627,485	39318,18	
627,9	39114,79	
628,314	38766,78	
628,728	38800,67	
629,143	38927,23	
629,557	39069,59	
629,971	39135,13	
630,385	38915,93	
630,799	38746,44	
631,213	38818,75	
631,627	38750,96	
632,041	38570,17	
632,455	38665,09	
632,869	38886,55	
633,283	38384,87	
633,697	38780,34	
634,11	37948,72	
634,524	38366,79	
634,937	38048,15	
635,351	38077,53	
635,764	37874,15	
636,178	38045,89	
636,591	38330,63	
637,004	38945,3	
637,418	38452,66	
637,831	38567,91	
638,244	38762,26	
638,657	38280,91	
639,07	38158,88	
639,483	38156,62	
639,896	38002,96	
640,309	38511,42	
640,722	38052,67	
641,135	38045,89	
641,547	38086,57	
641,96	37761,15	
642,373	38244,76	
642,785	38174,7	
643,198	38215,38	
643,61	38303,51	
644,023	38149,84	
644,435	38563,39	
644,848	38570,17	
645,26	37944,2	
645,672	37996,18	
646,084	38018,77	
646,496	37896,74	
646,908	37835,73	
647,32	37587,15	
647,732	37960,02	
648,144	38070,75	
648,556	38086,57	
648,968	37727,26	
649,38	37381,5	
649,791	37883,18	
650,203	38016,51	
650,615	37996,18	
651,026	37944,2	
651,438	37734,04	
651,849	38391,65	
652,261	38106,91	
652,672	38000,7	
653,083	37749,85	
653,495	38172,44	
653,906	37639,12	
654,317	37944,2	
654,728	38183,74	
655,139	37480,94	
655,55	37673,02	
655,961	37781,49	
656,372	38079,79	
656,783	38068,49	
657,193	38393,91	
657,604	38373,57	
658,015	38143,06	
658,425	38242,5	
658,836	37693,36	
659,246	37770,19	
659,657	37652,68	
660,067	37668,5	
660,478	37700,14	
660,888	37885,44	
661,298	37462,86	
661,708	37024,45	
662,119	37580,37	
662,529	37758,89	
662,939	37227,83	
663,349	37169,08	
663,759	37311,45	
664,169	37006,37	
664,578	36640,28	
664,988	36852,7	
665,398	36741,97	
665,808	36488,87	
666,217	36443,67	
666,627	36247,07	
667,036	36769,09	
667,446	36299,05	
667,855	35684,37	
668,265	35187,21	
668,674	35142,01	
669,083	34852,76	
669,492	34997,38	
669,902	35137,49	
670,311	34622,25	
670,72	34522,82	
671,129	34043,74	
671,538	33881,03	
671,947	34059,56	
672,355	33227,94	
672,764	32956,76	
673,173	32830,21	
673,582	33291,22	
673,99	33447,14	
674,399	33474,26	
674,807	33090,09	
675,216	33076,53	
675,624	32922,86	
676,033	32861,85	
676,441	32265,25	
676,849	31440,42	
677,258	31786,17	
677,666	32292,37	
678,074	32138,7	
678,482	32057,35	
678,89	31338,72	
679,298	30886,76	
679,706	31284,49	
680,114	30773,77	
680,522	30629,14	
680,929	30640,44	
681,337	30441,57	
681,745	30658,52	
682,152	30367	
682,56	30367	
682,967	30251,75	
683,375	29844,98	
683,782	29985,09	
684,189	29869,84	
684,597	29182,85	
685,004	28913,93	
685,411	29388,49	
685,818	29056,3	
686,225	29092,46	
686,632	29219,01	
687,039	28981,72	
687,446	28441,63	
687,853	28211,12	
688,26	28147,85	
688,667	28328,63	
689,073	28554,62	
689,48	28536,54	
689,887	28475,52	
690,293	27955,76	
690,7	27991,92	
691,106	28235,98	
691,513	28190,78	
691,919	28179,49	
692,325	27675,54	
692,732	28222,42	
693,138	28235,98	
693,544	27250,7	
693,95	27632,61	
694,356	27011,15	
694,762	26859,75	
695,168	27205,5	
695,574	26884,6	
695,98	27607,75	
696,385	27474,42	
696,791	27243,92	
697,197	27006,63	
697,602	27017,93	
698,008	27203,24	
698,413	27049,57	
698,819	26527,55	
699,224	26405,52	
699,63	26495,91	
700,035	26358,06	
700,44	26841,67	
700,845	26283,49	
701,251	25982,93	
701,656	26059,77	
702,061	26301,57	
702,466	26344,51	
702,871	26346,76	
703,275	26104,96	
703,68	26328,69	
704,085	26613,42	
704,49	26109,48	
704,894	26080,11	
705,299	25695,93	
705,704	26220,21	
706,108	25580,68	
706,513	25770,51	
706,917	25680,12	
707,321	25949,04	
707,726	25763,73	
708,13	25727,57	
708,534	25772,77	
708,938	26034,91	
709,342	25989,71	
709,746	25761,47	
710,15	25978,41	
710,554	25643,96	
710,958	26109,48	
711,362	25314,02	
711,766	25302,72	
712,17	24850,76	
712,573	25352,44	
712,977	25625,88	
713,38	25399,9	
713,784	25427,02	
714,187	25291,43	
714,591	25695,93	
714,994	25081,26	
715,397	25384,08	
715,801	25076,74	
716,204	25438,31	
716,607	25587,46	
717,01	25008,95	
717,413	24685,79	
717,816	24654,15	
718,219	24581,84	
718,622	24538,9	
719,025	24620,26	
719,428	24882,4	
719,83	24532,12	
720,233	24821,38	
720,636	24882,4	
721,038	24715,17	
721,441	25036,06	
721,843	24412,35	
722,246	24159,25	
722,648	24624,78	
723,05	24247,39	
723,453	24236,09	
723,855	23413,51	
724,257	23092,61	
724,659	23691,47	
725,061	23863,21	
725,463	24315,18	
725,865	24333,26	
726,267	24385,23	
726,669	24321,96	
727,07	24258,68	
727,472	24299,36	
727,874	24394,27	
728,276	24403,31	
728,677	23549,1	
729,079	23729,88	
729,48	23714,07	
729,881	23427,07	
730,283	23051,94	
730,684	23650,79	
731,085	23890,33	
731,487	24161,51	
731,888	23644,01	
732,289	24098,24	
732,69	24310,66	
733,091	23969,43	
733,492	23933,27	
733,893	23851,92	
734,294	23359,27	
734,694	23840,62	
735,095	23928,75	
735,496	23675,65	
735,896	23576,22	
736,297	23619,15	
736,697	23289,22	
737,098	23126,51	
737,498	23262,1	
737,899	23573,96	
738,299	23029,34	
738,699	22905,05	
739,099	23225,94	
739,5	23036,12	
739,9	22636,13	
740,3	22857,59	
740,7	22288,11	
741,1	22294,89	
741,5	22651,95	
741,899	22936,69	
742,299	22473,42	
742,699	22098,29	
743,099	21784,17	
743,498	22025,97	
743,898	22588,67	
744,297	22249,7	
744,697	22256,48	
745,096	21944,62	
745,495	22157,04	
745,895	21985,3	
746,294	21567,23	
746,693	22380,77	
747,092	21917,5	
747,491	21467,8	
747,89	21666,66	
748,289	21465,54	
748,688	21411,3	
749,087	21302,83	
749,486	20706,24	
749,885	20801,15	
750,284	20873,46	
750,682	20444,1	
751,081	20240,71	
751,479	20231,67	
751,878	20084,78	
752,276	20374,04	
752,675	20186,47	
753,073	19949,19	
753,471	20175,18	
753,87	20168,4	
754,268	20475,73	
754,666	20125,46	
755,064	20520,93	
755,462	19937,89	
755,86	20075,74	
756,258	20107,38	
756,656	20179,7	
757,054	20369,52	
757,452	20593,24	
757,849	20367,26	
758,247	20966,12	
758,645	20907,36	
759,042	20934,48	
759,44	20776,29	
759,837	20496,07	
760,234	20640,7	
760,632	20539,01	
761,029	20362,74	
761,426	20396,64	
761,823	20233,93	
762,221	19944,67	
762,618	19628,3	
763,015	19485,93	
763,412	19325,48	
763,809	19131,14	
764,205	19099,5	
764,602	18882,55	
764,999	18496,12	
765,396	18401,21	
765,792	18557,14	
766,189	18423,81	
766,586	18261,1	
766,982	18200,09	
767,378	17967,32	
767,775	17578,63	
768,171	17730,04	
768,567	17391,07	
768,964	17653,21	
769,36	17709,7	
769,756	17208,02	
770,152	17223,84	
770,548	17031,76	
770,944	16819,33	
771,34	16573,01	
771,736	16765,1	
772,132	16243,08	
772,527	16509,74	
772,923	16037,43	
773,319	15985,46	
773,714	15938	
774,11	15928,96	
774,505	15361,74	
774,901	15786,59	
775,296	15763,99	
775,691	15818,23	
776,087	15664,56	
776,482	15519,93	
776,877	15434,06	
777,272	15043,11	
777,667	15395,64	
778,062	15323,33	
778,457	15196,78	
778,852	15104,12	
779,247	15027,29	
779,642	14747,07	
780,037	14819,38	
780,431	14851,02	
780,826	14699,61	
781,22	14602,44	
781,615	14742,55	
782,009	14769,67	
782,404	14283,81	
782,798	14982,09	
783,193	14403,58	
783,587	14509,79	
783,981	14713,17	
784,375	14272,51	
784,769	14371,94	
785,163	14340,3	
785,557	14227,31	
785,951	14035,22	
786,345	13736,93	
786,739	13849,92	
787,133	13888,34	
787,527	13827,32	
787,92	13976,47	
788,314	13696,25	
788,707	13359,54	
789,101	13802,46	
789,494	13569,7	
789,888	13571,96	
790,281	13454,45	
790,674	13420,55	
791,068	13343,72	
791,461	13287,22	
791,854	13296,26	
792,247	13300,78	
792,64	13375,35	
793,033	13404,73	
793,426	13194,57	
793,819	12941,47	
794,212	12966,33	
794,605	12945,99	
794,997	12842,04	
795,39	12733,56	
795,782	12715,48	
796,175	12740,34	
796,568	13083,84	
796,96	12891,75	
797,352	12955,03	
797,745	12498,54	
798,137	12776,5	
798,529	12383,29	
798,921	12645,43	
799,314	12536,96	
799,706	12512,1	
800,098	12699,67	
800,49	12249,96	
800,882	12204,76	
801,273	12195,72	
801,665	11962,96	
802,057	12344,87	
802,449	12523,4	
802,84	12374,25	
803,232	12410,41	
803,623	12324,53	
804,015	12118,89	
804,406	12112,11	
804,798	11920,03	
805,189	11748,28	
805,58	11813,81	
805,972	11843,19	
806,363	11694,04	
806,754	11264,68	
807,145	11097,45	
807,536	11246,6	
807,927	11660,15	
808,318	12200,24	
808,709	11926,81	
809,099	12037,54	
809,49	11990,08	
809,881	11838,67	
810,271	11743,76	
810,662	11497,44	
811,053	11662,41	
811,443	11560,71	
811,833	11517,78	
812,224	11474,84	
812,614	11535,85	
813,004	11330,21	
813,395	11477,1	
813,785	11447,72	
814,175	11375,41	
814,565	11524,56	
814,955	11438,68	
815,345	11440,94	
815,735	11235,3	
816,124	11153,94	
816,514	11196,88	
816,904	11275,97	
817,294	11373,15	
817,683	11300,83	
818,073	11214,96	
818,462	11106,49	
818,852	10765,25	
819,241	10855,65	
819,63	10955,08	
820,02	10970,9	
820,409	11160,72	
820,798	10885,02	
821,187	10762,99	
821,576	10640,96	
821,965	10817,23	
822,354	10830,79	
822,743	10905,36	
823,132	10803,67	
823,521	10769,77	
823,91	10582,21	
824,298	10787,85	
824,687	10647,74	
825,076	10616,11	
825,464	10313,29	
825,853	10573,17	
826,241	10647,74	
826,629	10663,56	
827,018	10575,43	
827,406	10410,46	
827,794	10668,08	
828,182	10424,02	
828,571	10333,63	
828,959	10324,59	
829,347	10076,01	
829,735	10173,18	
830,122	10177,7	
830,51	10159,62	
830,898	10322,33	
831,286	10098,6	
831,673	10277,13	
832,061	10071,49	
832,449	9886,18	
832,836	9908,78	
833,224	10240,97	
833,611	10184,48	
833,998	10177,7	
834,386	10125,72	
834,773	9879,4	
835,16	9872,62	
835,547	9953,98	
835,934	9836,46	
836,321	9689,58	
836,708	9868,1	
837,095	9969,79	
837,482	9404,84	
837,869	9355,12	
838,256	9411,62	
838,642	9578,84	
839,029	9384,5	
839,416	9409,36	
839,802	9361,9	
840,189	9233,09	
840,575	9163,04	
840,962	9111,06	
841,348	9271,51	
841,734	9253,43	
842,12	9422,92	
842,507	9117,84	
842,893	9154	
843,279	9194,67	
843,665	9199,19	
844,051	9061,34	
844,437	9054,56	
844,822	8873,78	
845,208	8776,61	
845,594	8638,76	
845,98	8731,41	
846,365	8561,92	
846,751	8575,48	
847,136	8457,97	
847,522	8512,21	
847,907	8340,46	
848,293	8383,4	
848,678	8254,59	
849,063	8652,31	
849,448	8516,73	
849,834	8620,68	
850,219	8229,73	
850,604	8442,15	
850,989	8446,67	
851,374	8247,81	
851,758	8100,92	
852,143	8211,65	
852,528	7834,26	
852,913	7863,64	
853,297	7958,55	
853,682	7827,48	
854,067	7741,6	
854,451	7657,99	
854,836	7526,92	
855,22	7596,98	
855,604	7694,15	
855,989	7474,94	
856,373	7669,29	
856,757	7635,39	
857,141	7520,14	
857,525	7565,34	
857,909	7504,32	
858,293	7619,57	
858,677	7432,01	
859,061	7743,86	
859,445	7590,2	
859,828	7416,19	
860,212	7237,66	
860,596	7045,58	
860,979	7129,19	
861,363	7093,03	
861,746	7126,93	
862,13	7151,79	
862,513	6950,66	
862,896	6907,73	
863,28	7034,28	
863,663	6955,18	
864,046	6774,4	
864,429	6672,71	
864,812	6548,42	
865,195	6399,27	
865,578	6539,38	
865,961	6426,38	
866,344	6534,86	
866,726	6467,06	
867,109	6586,83	
867,492	6335,99	
867,874	6609,43	
868,257	6410,57	
868,639	6394,75	
869,022	6134,87	
869,404	6306,61	
869,787	6232,04	
870,169	6069,33	
870,551	6001,54	
870,933	6211,7	
871,315	5967,64	
871,697	5969,9	
872,079	6082,89	
872,461	5931,48	
872,843	5789,11	
873,225	5752,96	
873,607	5685,16	
873,989	5615,11	
874,37	5721,32	
874,752	5526,97	
875,134	5680,64	
875,515	5551,83	
875,896	5563,13	
876,278	5352,97	
876,659	5395,9	
877,041	5386,86	
877,422	5423,02	
877,803	5359,75	
878,184	5075,01	
878,565	5276,13	
878,946	5244,49	
879,327	5497,6	
879,708	5434,32	
880,089	5459,18	
880,47	5447,88	
880,851	5156,36	
881,231	5472,74	
881,612	5594,77	
881,993	5456,92	
882,373	5551,83	
882,754	5486,3	
883,134	5603,81	
883,514	5624,15	
883,895	5637,7	
884,275	5590,25	
884,655	5732,62	
885,035	5673,86	
885,415	5730,36	
885,795	5845,61	
886,175	5870,47	
886,555	6001,54	
886,935	5904,36	
887,315	6089,67	
887,695	6012,84	
888,075	5947,3	
888,454	6089,67	
888,834	6082,89	
889,213	6247,86	
889,593	6200,4	
889,972	6383,45	
890,352	6288,54	
890,731	6347,29	
891,11	6304,35	
891,49	6175,54	
891,869	6078,37	
892,248	6166,5	
892,627	5983,46	
893,006	5879,51	
893,385	5888,55	
893,764	5920,18	
894,143	5522,45	
894,522	5456,92	
894,9	5454,66	
895,279	5522,45	
895,658	5655,78	
896,036	5321,33	
896,415	5149,58	
896,793	5065,97	
897,172	4923,6	
897,55	4941,68	
897,928	4928,12	
898,307	4788,01	
898,685	4808,35	
899,063	4652,42	
899,441	4647,9	
899,819	4347,34	
900,197	4268,25	
900,575	4214,01	
900,953	4182,38	
901,331	4225,31	
901,708	4186,9	
902,086	4044,53	
902,464	4012,89	
902,841	4001,59	
903,219	4012,89	
903,596	3800,47	
903,974	3827,58	
904,351	3838,88	
904,729	3644,54	
905,106	3811,76	
905,483	3673,91	
905,86	3719,11	
906,237	3680,69	
906,614	3565,44	
906,991	3554,14	
907,368	3597,08	
907,745	3461,49	
908,122	3438,89	
908,499	3325,9	
908,875	3294,26	
909,252	3237,77	
909,629	3292	
910,005	3149,63	
910,382	3197,09	
910,758	3081,84	
911,135	3145,12	
911,511	3163,19	
911,887	3190,31	
912,264	3124,78	
912,64	3147,37	
913,016	3129,3	
913,392	3115,74	
913,768	2971,11	
914,144	2930,43	
914,52	3036,64	
914,896	2914,61	
915,271	2876,2	
915,647	2826,48	
916,023	2882,98	
916,398	2939,47	
916,774	2941,73	
917,15	2747,39	
917,525	2758,68	
917,9	2799,36	
918,276	2779,02	
918,651	2711,23	
919,026	2817,44	
919,402	2584,68	
919,777	2605,02	
920,152	2670,55	
920,527	2668,29	
920,902	2600,5	
921,277	2618,58	
921,652	2589,2	
922,026	2738,35	
922,401	2544	
922,776	2559,82	
923,15	2464,91	
923,525	2408,41	
923,9	2360,95	
924,274	2313,5	
924,648	2272,82	
925,023	2247,96	
925,397	2308,98	
925,771	2200,51	
926,146	2202,77	
926,52	2168,87	
926,894	2175,65	
927,268	2119,15	
927,642	2159,83	
928,016	2139,49	
928,39	2202,77	
928,764	2058,14	
929,137	2069,44	
929,511	2012,94	
929,885	2089,78	
930,258	1945,15	
930,632	2112,37	
931,005	1936,11	
931,379	1936,11	
931,752	1956,45	
932,125	1829,9	
932,499	1872,83	
932,872	1847,97	
933,245	1870,57	
933,618	1816,34	
933,991	1757,58	
934,364	1730,46	
934,737	1753,06	
935,11	1651,37	
935,483	1633,29	
935,856	1621,99	
936,228	1667,19	
936,601	1633,29	
936,974	1411,83	
937,346	1520,3	
937,719	1423,13	
938,091	1418,61	
938,464	1425,39	
938,836	1396,01	
939,208	1305,62	
939,58	1314,65	
939,953	1271,72	
940,325	1249,12	
940,697	1206,18	
941,069	1160,99	
941,441	1183,58	
941,813	1136,13	
942,184	1106,75	
942,556	1084,15	
942,928	1061,55	
943,3	1036,7	
943,671	1036,7	
944,043	993,76	
944,414	1063,81	
944,786	1043,48	
945,157	959,86	
945,529	968,9	
945,9	1027,66	
946,271	1054,77	
946,642	1029,92	
947,013	935	
947,384	1057,03	
947,756	1009,58	
948,126	982,46	
948,497	878,51	
948,868	998,28	
949,239	1000,54	
949,61	973,42	
949,98	919,18	
950,351	953,08	
950,722	935	
951,092	1018,62	
951,463	919,18	
951,833	977,94	
952,203	957,6	
952,574	907,89	
952,944	982,46	
953,314	864,95	
953,684	939,52	
954,054	855,91	
954,424	948,56	
954,794	946,3	
955,164	864,95	
955,534	896,59	
955,904	869,47	
956,274	828,79	
956,643	855,91	
957,013	919,18	
957,383	907,89	
957,752	776,82	
958,122	846,87	
958,491	883,03	
958,86	901,11	
959,23	871,73	
959,599	819,75	
959,968	842,35	
960,337	896,59	
960,706	810,71	
961,075	776,82	
961,444	788,11	
961,813	794,89	
962,182	718,06	
962,551	751,96	
962,92	824,27	
963,288	781,34	
963,657	747,44	
964,026	776,82	
964,394	699,98	
964,763	713,54	
965,131	677,38	
965,499	756,48	
965,868	724,84	
966,236	763,26	
966,604	783,6	
966,972	706,76	
967,34	711,28	
967,708	663,82	
968,076	722,58	
968,444	652,53	
968,812	699,98	
969,18	684,16	
969,548	672,86	
969,915	715,8	
970,283	641,23	
970,651	636,71	
971,018	702,24	
971,386	672,86	
971,753	668,34	
972,121	629,93	
972,488	618,63	
972,855	607,33	
973,222	690,94	
973,589	602,81	
973,957	620,89	
974,324	650,27	
974,691	600,55	
975,057	618,63	
975,424	593,77	
975,791	684,16	
976,158	675,12	
976,525	650,27	
976,891	573,43	
977,258	661,56	
977,624	589,25	
977,991	553,09	
978,357	562,13	
978,724	546,31	
979,09	596,03	
979,456	523,72	
979,822	478,52	
980,189	564,39	
980,555	555,35	
980,921	539,53	
981,287	566,65	
981,653	521,46	
982,019	559,87	
982,384	577,95	
982,75	485,3	
983,116	557,61	
983,481	525,97	
983,847	467,22	
984,213	494,34	
984,578	544,05	
984,944	494,34	
985,309	505,64	
985,674	512,42	
986,039	562,13	
986,405	528,23	
986,77	462,7	
987,135	494,34	
987,5	521,46	
987,865	469,48	
988,23	523,72	
988,595	505,64	
988,96	489,82	
989,324	539,53	
989,689	530,49	
990,054	507,9	
990,418	507,9	
990,783	501,12	
991,147	453,66	
991,512	467,22	
991,876	474	
992,24	401,68	
992,605	464,96	
992,969	428,8	
993,333	453,66	
993,697	496,6	
994,061	532,75	
994,425	505,64	
994,789	442,36	
995,153	577,95	
995,517	512,42	
995,881	494,34	
996,244	507,9	
996,608	390,39	
996,971	485,3	
997,335	426,54	
997,698	516,94	
998,062	528,23	
998,425	469,48	
998,789	512,42	
999,152	464,96	
999,515	496,6	
999,878	537,27	
1000,241	516,94	
1000,604	485,3	
1000,967	455,92	
1001,33	462,7	
1001,693	523,72	
1002,056	478,52	
1002,419	467,22	
1002,781	455,92	
1003,144	510,16	
1003,507	435,58	
1003,869	444,62	
1004,232	494,34	
1004,594	469,48	
1004,956	428,8	
1005,319	492,08	
1005,681	483,04	
1006,043	476,26	
1006,405	512,42	
1006,767	514,68	
1007,129	464,96	
1007,491	555,35	
1007,853	485,3	
1008,215	507,9	
1008,577	489,82	
1008,939	474	
1009,3	446,88	
1009,662	498,86	
1010,024	496,6	
1010,385	550,83	
1010,747	505,64	
1011,108	496,6	
1011,469	514,68	
1011,831	516,94	
1012,192	422,02	
1012,553	485,3	
1012,914	462,7	
1013,275	521,46	
1013,636	442,36	
1013,997	467,22	
1014,358	458,18	
1014,719	505,64	
1015,08	521,46	
1015,441	485,3	
1015,801	471,74	
1016,162	471,74	
1016,523	453,66	
1016,883	440,1	
1017,244	399,42	
1017,604	446,88	
1017,964	487,56	
1018,325	478,52	
1018,685	485,3	
1019,045	474	
1019,405	519,2	
1019,765	458,18	
1020,125	435,58	
1020,485	507,9	
1020,845	428,8	
1021,205	510,16	
1021,565	390,39	
1021,925	451,4	
1022,284	492,08	
1022,644	492,08	
1023,004	492,08	
1023,363	464,96	
1023,723	440,1	
1024,082	478,52	
1024,441	460,44	
1024,801	532,75	
1025,16	455,92	
1025,519	498,86	
1025,878	480,78	
1026,237	521,46	
1026,596	494,34	
1026,955	505,64	
1027,314	550,83	
1027,673	464,96	
1028,032	435,58	
1028,39	426,54	
1028,749	412,98	
1029,108	462,7	
1029,466	492,08	
1029,825	478,52	
1030,183	483,04	
1030,542	544,05	
1030,9	397,16	
1031,258	474	
1031,616	458,18	
1031,975	458,18	
1032,333	458,18	
