FLMS05509_1:101		
187.923	53.25	
188.387	53.25	
188.851	53.25	
189.315	-52.96	
189.779	-104.94	
190.242	-55.22	
190.706	-127.54	
191.17	-19.07	
191.633	-66.52	
192.097	-25.85	
192.56	-100.42	
193.024	-41.67	
193.487	-19.07	
193.951	-10.03	
194.414	-25.85	
194.877	17.09	
195.34	46.47	
195.803	89.4	
196.266	148.16	
196.73	105.22	
197.193	84.88	
197.656	109.74	
198.118	134.6	
198.581	209.18	
199.044	333.47	
199.507	353.8	
199.97	399	
200.432	333.47	
200.895	380.92	
201.358	374.14	
201.82	367.36	
202.283	389.96	
202.745	450.98	
203.207	380.92	
203.67	444.2	
204.132	414.82	
204.594	412.56	
205.056	378.66	
205.519	399	
205.981	444.2	
206.443	428.38	
206.905	473.58	
207.367	464.54	
207.829	430.64	
208.291	511.99	
208.752	484.87	
209.214	489.39	
209.676	426.12	
210.138	460.02	
210.599	423.86	
211.061	469.06	
211.522	403.52	
211.984	403.52	
212.445	469.06	
212.907	446.46	
213.368	401.26	
213.829	496.17	
214.291	387.7	
214.752	392.22	
215.213	426.12	
215.674	453.24	
216.135	464.54	
216.596	428.38	
217.057	367.36	
217.518	457.76	
217.979	408.04	
218.44	389.96	
218.9	480.35	
219.361	383.18	
219.822	374.14	
220.282	385.44	
220.743	389.96	
221.204	435.16	
221.664	421.6	
222.125	403.52	
222.585	414.82	
223.045	380.92	
223.506	389.96	
223.966	460.02	
224.426	401.26	
224.886	478.09	
225.346	444.2	
225.806	462.28	
226.266	369.62	
226.726	457.76	
227.186	383.18	
227.646	371.88	
228.106	376.4	
228.566	428.38	
229.025	410.3	
229.485	439.68	
229.945	421.6	
230.404	410.3	
230.864	421.6	
231.323	457.76	
231.783	478.09	
232.242	401.26	
232.702	462.28	
233.161	446.46	
233.62	446.46	
234.079	423.86	
234.538	385.44	
234.998	353.8	
235.457	344.76	
235.916	412.56	
236.375	396.74	
236.834	419.34	
237.292	394.48	
237.751	389.96	
238.21	387.7	
238.669	396.74	
239.127	439.68	
239.586	360.58	
240.045	344.76	
240.503	423.86	
240.962	423.86	
241.42	423.86	
241.878	437.42	
242.337	498.43	
242.795	428.38	
243.253	482.61	
243.712	432.9	
244.17	498.43	
244.628	471.32	
245.086	466.8	
245.544	426.12	
246.002	432.9	
246.46	462.28	
246.918	376.4	
247.375	396.74	
247.833	444.2	
248.291	401.26	
248.749	430.64	
249.206	401.26	
249.664	405.78	
250.121	380.92	
250.579	385.44	
251.036	387.7	
251.494	507.47	
251.951	428.38	
252.408	471.32	
252.866	428.38	
253.323	441.94	
253.78	399	
254.237	394.48	
254.694	430.64	
255.151	439.68	
255.608	405.78	
256.065	471.32	
256.522	455.5	
256.979	410.3	
257.435	460.02	
257.892	423.86	
258.349	426.12	
258.805	430.64	
259.262	457.76	
259.718	446.46	
260.175	410.3	
260.631	417.08	
261.088	450.98	
261.544	414.82	
262	471.32	
262.457	408.04	
262.913	349.28	
263.369	401.26	
263.825	450.98	
264.281	399	
264.737	466.8	
265.193	455.5	
265.649	475.83	
266.105	401.26	
266.561	408.04	
267.016	446.46	
267.472	444.2	
267.928	446.46	
268.383	394.48	
268.839	439.68	
269.294	466.8	
269.75	448.72	
270.205	444.2	
270.661	428.38	
271.116	419.34	
271.571	500.69	
272.026	496.17	
272.482	408.04	
272.937	475.83	
273.392	421.6	
273.847	435.16	
274.302	437.42	
274.757	435.16	
275.212	482.61	
275.666	536.85	
276.121	480.35	
276.576	412.56	
277.031	435.16	
277.485	457.76	
277.94	466.8	
278.395	480.35	
278.849	518.77	
279.303	453.24	
279.758	496.17	
280.212	437.42	
280.667	417.08	
281.121	516.51	
281.575	475.83	
282.029	455.5	
282.483	385.44	
282.937	435.16	
283.391	439.68	
283.845	405.78	
284.299	444.2	
284.753	509.73	
285.207	457.76	
285.661	487.13	
286.115	441.94	
286.568	408.04	
287.022	403.52	
287.475	410.3	
287.929	414.82	
288.383	460.02	
288.836	435.16	
289.289	374.14	
289.743	498.43	
290.196	423.86	
290.649	460.02	
291.102	471.32	
291.556	462.28	
292.009	448.72	
292.462	491.65	
292.915	428.38	
293.368	498.43	
293.821	530.07	
294.274	532.33	
294.726	489.39	
295.179	448.72	
295.632	471.32	
296.084	473.58	
296.537	437.42	
296.99	475.83	
297.442	446.46	
297.895	489.39	
298.347	430.64	
298.8	457.76	
299.252	491.65	
299.704	516.51	
300.156	462.28	
300.609	500.69	
301.061	550.41	
301.513	489.39	
301.965	521.03	
302.417	602.39	
302.869	539.11	
303.321	627.24	
303.773	606.9	
304.224	717.64	
304.676	686	
305.128	686	
305.579	688.26	
306.031	828.37	
306.483	860.01	
306.934	997.86	
307.386	921.02	
307.837	1009.15	
308.288	1020.45	
308.74	1122.15	
309.191	1108.59	
309.642	1305.19	
310.093	1278.07	
310.544	1635.13	
310.996	1809.13	
311.447	1888.23	
311.898	1899.53	
312.348	2084.83	
312.799	2109.69	
313.25	2279.18	
313.701	2525.5	
314.152	2469	
314.602	2570.7	
315.053	2694.99	
315.504	2636.23	
315.954	2798.94	
316.405	2975.2	
316.855	3223.79	
317.305	3449.77	
317.756	3393.27	
318.206	3565.02	
318.656	3653.15	
319.107	3922.07	
319.557	3989.87	
320.007	4154.83	
320.457	4236.19	
320.907	4516.41	
321.357	4134.5	
321.807	4105.12	
322.257	3917.55	
322.706	4197.77	
323.156	4518.67	
323.606	5009.05	
324.056	5094.92	
324.505	5474.57	
324.955	5438.42	
325.404	5888.12	
325.854	6138.96	
326.303	6308.45	
326.753	6317.49	
327.202	6073.43	
327.651	6170.6	
328.1	6708.44	
328.55	6755.9	
328.999	7045.15	
329.448	7582.99	
329.897	7596.55	
330.346	7571.69	
330.795	7494.86	
331.244	7883.55	
331.693	7686.94	
332.141	7757	
332.59	8080.15	
333.039	7838.35	
333.487	7897.11	
333.936	7747.96	
334.385	8647.37	
334.833	8762.62	
335.282	8588.62	
335.73	8247.38	
336.178	7879.03	
336.627	7650.79	
337.075	7766.04	
337.523	7888.07	
337.971	8136.65	
338.419	8193.15	
338.867	8308.4	
339.315	8443.99	
339.763	9101.6	
340.211	9149.05	
340.659	8832.68	
341.107	8773.92	
341.555	9167.13	
342.002	9454.13	
342.45	9239.45	
342.898	8963.75	
343.345	8753.58	
343.793	8326.48	
344.24	8392.01	
344.688	8434.95	
345.135	8975.05	
345.582	9176.17	
346.03	9366	
346.477	9533.22	
346.924	9316.28	
347.371	9345.66	
347.818	9433.79	
348.265	9090.3	
348.712	9115.16	
349.159	9562.6	
349.606	10109.48	
350.053	10457.49	
350.5	10114	
350.947	10193.09	
351.393	10077.84	
351.84	10043.94	
352.287	10100.44	
352.733	10335.46	
353.18	10642.8	
353.626	11243.91	
354.072	11924.12	
354.519	12118.47	
354.965	11815.65	
355.411	11359.16	
355.858	11072.17	
356.304	10382.92	
356.75	9784.06	
357.196	9375.04	
357.642	9137.75	
358.088	9092.56	
358.534	9738.87	
358.98	10491.39	
359.425	11499.27	
359.871	11465.38	
360.317	11316.23	
360.763	10947.88	
361.208	11198.72	
361.654	11463.12	
362.099	12041.63	
362.545	12296.99	
362.99	12669.86	
363.436	13092.45	
363.881	13076.63	
364.326	13162.51	
364.771	13903.73	
365.217	14285.64	
365.662	15309.34	
366.107	15307.08	
366.552	15666.4	
366.997	15105.96	
367.442	14965.85	
367.887	14583.94	
368.332	14730.83	
368.776	15011.05	
369.221	15729.67	
369.666	15718.37	
370.11	15535.33	
370.555	15573.74	
371	15994.07	
371.444	15277.71	
371.888	15139.86	
372.333	14538.74	
372.777	14131.97	
373.221	13691.31	
373.666	13144.43	
374.11	13634.81	
374.554	13582.83	
374.998	15024.6	
375.442	15505.95	
375.886	15815.54	
376.33	16918.34	
376.774	18145.43	
377.218	19318.28	
377.662	20145.37	
378.106	19754.42	
378.549	19044.84	
378.993	18310.39	
379.436	18201.92	
379.88	17878.77	
380.324	19291.16	
380.767	18217.74	
381.21	17295.73	
381.654	15826.84	
382.097	14217.85	
382.54	12877.77	
382.984	12100.39	
383.427	12950.08	
383.87	14000.9	
384.313	14724.05	
384.756	15673.18	
385.199	15727.41	
385.642	15682.21	
386.085	16039.27	
386.528	16179.38	
386.97	15957.91	
387.413	16676.54	
387.856	15953.39	
388.298	16778.23	
388.741	17580.47	
389.183	18920.55	
389.626	19352.17	
390.068	20251.59	
390.511	21270.77	
390.953	22348.71	
391.395	20240.29	
391.838	20233.51	
392.28	16733.03	
392.722	14305.98	
393.164	13709.39	
393.606	14857.38	
394.048	16719.48	
394.49	18373.67	
394.932	21349.86	
395.374	20210.91	
395.815	18299.1	
396.257	16061.87	
396.699	16256.21	
397.141	17774.82	
397.582	22362.27	
398.024	23453.76	
398.465	25526.02	
398.907	29189.2	
399.348	29704.44	
399.789	30610.64	
400.231	30741.71	
400.672	30981.25	
401.113	31571.06	
401.554	30169.97	
401.995	31245.65	
402.436	32581.21	
402.877	30264.88	
403.318	32734.87	
403.759	29964.33	
404.2	30172.23	
404.641	30169.97	
405.082	29347.39	
405.522	28791.47	
405.963	28807.29	
406.404	28206.18	
406.844	29810.66	
407.285	27623.14	
407.725	29803.88	
408.166	30276.18	
408.606	31340.56	
409.046	29354.17	
409.487	28766.62	
409.927	28899.95	
410.367	29446.82	
410.807	30301.04	
411.247	32700.98	
411.687	30969.95	
412.127	33509.99	
412.567	31930.38	
413.007	32633.18	
413.447	32536.01	
413.886	32741.65	
414.326	32325.84	
414.766	33930.32	
415.205	33103.23	
415.645	32330.36	
416.084	35128.03	
416.524	32289.69	
416.963	34321.27	
417.403	33650.1	
417.842	32409.46	
418.281	33383.44	
418.721	31724.73	
419.16	32016.25	
419.599	31618.52	
420.038	34196.98	
420.477	34300.93	
420.916	34859.11	
421.355	32644.48	
421.794	34013.94	
422.233	32723.57	
422.671	33426.38	
423.11	32104.38	
423.549	33641.06	
423.987	31157.51	
424.426	30301.04	
424.864	30723.63	
425.303	31568.8	
425.741	31541.68	
426.18	30560.92	
426.618	29826.48	
427.056	29887.49	
427.495	31616.26	
427.933	27670.6	
428.371	27722.58	
428.809	27600.55	
429.247	26558.76	
429.685	23785.96	
430.123	23019.87	
430.561	23804.04	
430.999	25361.06	
431.436	26753.11	
431.874	28271.71	
432.312	28938.36	
432.749	29112.37	
433.187	28784.7	
433.625	30533.8	
434.062	29046.84	
434.5	29745.12	
434.937	30637.75	
435.374	32321.33	
435.812	32621.88	
436.249	32922.44	
436.686	31835.46	
437.123	31715.69	
437.56	31378.98	
437.997	30230.98	
438.434	31458.07	
438.871	31175.59	
439.308	32490.81	
439.745	31955.23	
440.182	33885.13	
440.618	33934.84	
441.055	35785.64	
441.492	35055.72	
441.928	35896.37	
442.365	36038.74	
442.801	37433.06	
443.238	36829.68	
443.674	37270.35	
444.111	37460.17	
444.547	38926.8	
444.983	36429.69	
445.419	36434.21	
445.855	35774.34	
446.292	38657.88	
446.728	37979.93	
447.164	39778.76	
447.599	39306.45	
448.035	38718.9	
448.471	36784.48	
448.907	39771.98	
449.343	40974.21	
449.778	40935.79	
450.214	41740.29	
450.65	42169.65	
451.085	41358.38	
451.521	39916.61	
451.956	40052.2	
452.392	39410.4	
452.827	37374.3	
453.262	37622.88	
453.697	37982.19	
454.133	38515.51	
454.568	37240.97	
455.003	37670.34	
455.438	38318.91	
455.873	39541.47	
456.308	39121.15	
456.743	39139.23	
457.178	39475.94	
457.612	38481.62	
458.047	38662.4	
458.482	39306.45	
458.917	37923.44	
459.351	39042.05	
459.786	39100.81	
460.22	38065.81	
460.655	38436.42	
461.089	39317.75	
461.523	41491.71	
461.958	39080.47	
462.392	39778.76	
462.826	41130.13	
463.26	39771.98	
463.694	39914.35	
464.128	39177.64	
464.562	40535.8	
464.996	40036.38	
465.43	40779.86	
465.864	40336.93	
466.298	39765.2	
466.732	40375.35	
467.165	41518.82	
467.599	40316.6	
468.033	41505.26	
468.466	43222.73	
468.9	41209.23	
469.333	42223.89	
469.767	41604.7	
470.2	41814.86	
470.633	43676.96	
471.066	42926.7	
471.5	44623.83	
471.933	44770.72	
472.366	44806.87	
472.799	46275.76	
473.232	45810.24	
473.665	46072.38	
474.098	47261.05	
474.531	48354.8	
474.963	48185.31	
475.396	46786.48	
475.829	48775.13	
476.262	48461.01	
476.694	49053.09	
477.127	49154.78	
477.559	50429.32	
477.992	50840.61	
478.424	51561.5	
478.856	52214.59	
479.289	51595.39	
479.721	52508.37	
480.153	52194.25	
480.585	52885.76	
481.017	52813.44	
481.449	53556.93	
481.881	52869.94	
482.313	53712.85	
482.745	52779.54	
483.177	53213.43	
483.609	53412.3	
484.041	52784.06	
484.472	52307.24	
484.904	50985.24	
485.336	48553.67	
485.767	47270.08	
486.199	46820.38	
486.63	47744.65	
487.062	48415.82	
487.493	49473.42	
487.924	49609.01	
488.355	49963.8	
488.787	50714.06	
489.218	51633.81	
489.649	52840.56	
490.08	52813.44	
490.511	52596.5	
490.942	52167.13	
491.373	51376.19	
491.804	51301.62	
492.234	51559.24	
492.665	52038.32	
493.096	51959.23	
493.526	52097.08	
493.957	52596.5	
494.388	52964.85	
494.818	53394.22	
495.249	53043.94	
495.679	52899.32	
496.109	53236.03	
496.54	53997.59	
496.97	53579.52	
497.4	52817.96	
497.83	52298.2	
498.26	52298.2	
498.69	52851.86	
499.12	53306.08	
499.55	52221.37	
499.98	53127.56	
500.41	51862.05	
500.84	51414.61	
501.269	51471.1	
501.699	52049.62	
502.129	51936.63	
502.558	53193.09	
502.988	52793.1	
503.417	52930.95	
503.847	52976.15	
504.276	53226.99	
504.706	54266.51	
505.135	54485.71	
505.564	55061.97	
505.993	54998.7	
506.422	55326.37	
506.851	55199.82	
507.28	54569.33	
507.709	54544.47	
508.138	54797.57	
508.567	55667.6	
508.996	55134.28	
509.425	55396.42	
509.854	55019.03	
510.282	55611.11	
510.711	55507.16	
511.14	55678.9	
511.568	55922.96	
511.997	55685.68	
512.425	54865.37	
512.853	55238.24	
513.282	54741.07	
513.71	54560.29	
514.138	54517.35	
514.566	54216.79	
514.994	54533.17	
515.423	54072.17	
515.851	53575	
516.279	50630.45	
516.706	50027.07	
517.134	50262.1	
517.562	50117.47	
517.99	50271.14	
518.418	49975.1	
518.845	51159.25	
519.273	51859.79	
519.701	51936.63	
520.128	52601.02	
520.556	52445.09	
520.983	53082.36	
521.41	53387.44	
521.838	52671.07	
522.265	52117.41	
522.692	51907.25	
523.119	52135.49	
523.546	53025.87	
523.973	53032.65	
524.4	53240.55	
524.827	52655.25	
525.254	52201.03	
525.681	51227.04	
526.108	49602.23	
526.535	48987.55	
526.962	48103.96	
527.388	48811.29	
527.815	49627.08	
528.241	50585.25	
528.668	50752.48	
529.094	50953.6	
529.521	50316.33	
529.947	50928.75	
530.373	51001.06	
530.8	51432.69	
531.226	50899.37	
531.652	50088.09	
532.078	49224.84	
532.504	48908.46	
532.93	48942.36	
533.356	48897.16	
533.782	48935.58	
534.208	48766.09	
534.634	49127.66	
535.059	49021.45	
535.485	50038.37	
535.911	49340.09	
536.336	48698.3	
536.762	48318.64	
537.187	49016.93	
537.613	49150.26	
538.038	49604.49	
538.464	48569.49	
538.889	48619.2	
539.314	47803.4	
539.739	47593.24	
540.164	47016.98	
540.59	47204.55	
541.015	47654.26	
541.44	47688.15	
541.865	48230.51	
542.289	47733.35	
542.714	47593.24	
543.139	48187.57	
543.564	48924.28	
543.988	48870.04	
544.413	48589.82	
544.838	49215.8	
545.262	48815.81	
545.687	48809.03	
546.111	48994.33	
546.535	48632.76	
546.96	48567.23	
547.384	48027.13	
547.808	48309.61	
548.233	48659.88	
548.657	48759.31	
549.081	48603.38	
549.505	49093.77	
549.929	48610.16	
550.353	48723.15	
550.776	48289.27	
551.2	48653.1	
551.624	48790.95	
552.048	48580.78	
552.471	48022.61	
552.895	48352.54	
553.319	48167.24	
553.742	48309.61	
554.166	48153.68	
554.589	48775.13	
555.012	48650.84	
555.436	48083.62	
555.859	47760.47	
556.282	47281.38	
556.705	47021.5	
557.128	46910.77	
557.552	46526.6	
557.975	46099.49	
558.398	44874.67	
558.82	45258.84	
559.243	44802.35	
559.666	45026.08	
560.089	45222.68	
560.512	45487.08	
560.934	45489.34	
561.357	44840.77	
561.779	44095.03	
562.202	44259.99	
562.624	44556.03	
563.047	44230.62	
563.469	44092.77	
563.891	43566.23	
564.314	43557.19	
564.736	43331.21	
565.158	42770.77	
565.58	41918.81	
566.002	41828.42	
566.424	42528.97	
566.846	42388.86	
567.268	41887.18	
567.69	41880.4	
568.111	41021.66	
568.533	41620.52	
568.955	41017.14	
569.377	41254.42	
569.798	40854.43	
570.22	40628.45	
570.641	39444.3	
571.063	39907.57	
571.484	40567.44	
571.905	41530.12	
572.327	41480.41	
572.748	41060.08	
573.169	41475.89	
573.59	41457.81	
574.011	41270.24	
574.432	41408.09	
574.853	40849.91	
575.274	40027.34	
575.695	39805.87	
576.116	39717.74	
576.536	39984.4	
576.957	39593.45	
577.378	39480.46	
577.798	38538.11	
578.219	38285.01	
578.64	38960.7	
579.06	38436.42	
579.48	38253.37	
579.901	37781.07	
580.321	37726.83	
580.741	38278.23	
581.161	38011.57	
581.582	37701.97	
582.002	37959.6	
582.422	37882.76	
582.842	38339.25	
583.262	37640.96	
583.682	37688.42	
584.101	37817.23	
584.521	37109.9	
584.941	36153.99	
585.361	36827.42	
585.78	36515.57	
586.2	35898.63	
586.619	36868.1	
587.039	37042.11	
587.458	36163.03	
587.878	35717.85	
588.297	35222.94	
588.716	33973.26	
589.136	33674.96	
589.555	33973.26	
589.974	34237.66	
590.393	35220.68	
590.812	35367.57	
591.231	35399.21	
591.65	35959.65	
592.069	36224.05	
592.488	36072.64	
592.906	36242.13	
593.325	36709.91	
593.744	36877.14	
594.162	36809.34	
594.581	36404.83	
594.999	37053.4	
595.418	36963.01	
595.836	37236.45	
596.255	37871.46	
596.673	38174.28	
597.091	37812.71	
597.509	37952.82	
597.928	37975.41	
598.346	37611.58	
598.764	37830.78	
599.182	37794.63	
599.6	37729.09	
600.018	37577.68	
600.435	37616.1	
600.853	36985.61	
601.271	36827.42	
601.689	36730.25	
602.106	36497.49	
602.524	36063.6	
602.941	36129.13	
603.359	36153.99	
603.776	35982.25	
604.194	36079.42	
604.611	35686.21	
605.028	35866.99	
605.446	34804.88	
605.863	34872.67	
606.28	34264.78	
606.697	34258	
607.114	33598.13	
607.531	33446.72	
607.948	32798.15	
608.365	32748.43	
608.782	32169.92	
609.198	32178.96	
609.615	31354.12	
610.032	31372.2	
610.448	30949.61	
610.865	30479.57	
611.281	30651.31	
611.698	30258.1	
612.114	29408.41	
612.531	29521.4	
612.947	28906.73	
613.363	29336.09	
613.779	28172.28	
614.196	28497.7	
614.612	28093.19	
615.028	28183.58	
615.444	27711.28	
615.86	26967.79	
616.276	26637.86	
616.691	26244.65	
617.107	26380.24	
617.523	26791.53	
617.939	26649.16	
618.354	26570.06	
618.77	26337.3	
619.185	26454.81	
619.601	26574.58	
620.016	26391.54	
620.432	26283.07	
620.847	25322.64	
621.262	25720.37	
621.677	25245.81	
622.093	24961.07	
622.508	24956.55	
622.923	24610.79	
623.338	24258.26	
623.753	24599.49	
624.168	23688.78	
624.583	23727.2	
624.997	23469.58	
625.412	23193.88	
625.827	23159.98	
626.242	23691.04	
626.656	23365.63	
627.071	22866.21	
627.485	22452.66	
627.9	22387.12	
628.314	22204.08	
628.728	22339.67	
629.143	22217.64	
629.557	21901.26	
629.971	21752.11	
630.385	21514.83	
630.799	21555.51	
631.213	21530.65	
631.627	21318.22	
632.041	21374.72	
632.455	21370.2	
632.869	21914.82	
633.283	21575.85	
633.697	21718.21	
634.11	21078.68	
634.524	21221.05	
634.937	21406.36	
635.351	21399.58	
635.764	21087.72	
636.178	21065.12	
636.591	21096.76	
637.004	21410.88	
637.418	21424.44	
637.831	21092.24	
638.244	21166.82	
638.657	21200.71	
639.07	21169.08	
639.483	20683.21	
639.896	20488.87	
640.309	20531.8	
640.722	20660.61	
641.135	20328.42	
641.547	20601.86	
641.96	20491.13	
642.373	20678.69	
642.785	20215.43	
643.198	20179.27	
643.61	20515.99	
644.023	20305.82	
644.435	20278.7	
644.848	19973.63	
645.26	20136.33	
645.672	19745.38	
646.084	19702.45	
646.496	19711.49	
646.908	19709.23	
647.32	19867.42	
647.732	19512.62	
648.144	19962.33	
648.556	19474.21	
648.968	19029.02	
649.38	19284.38	
649.791	19293.42	
650.203	19431.27	
650.615	19530.7	
651.026	19214.33	
651.438	19241.44	
651.849	19078.74	
652.261	19266.3	
652.672	19216.59	
653.083	18855.01	
653.495	19189.47	
653.906	18945.41	
654.317	18766.88	
654.728	18412.09	
655.139	18050.51	
655.55	17119.47	
655.961	16531.91	
656.372	16484.45	
656.783	16992.91	
657.193	17101.39	
657.604	17584.99	
658.015	17738.66	
658.425	17833.57	
658.836	18050.51	
659.246	17856.17	
659.657	17944.3	
660.067	18170.28	
660.478	18050.51	
660.888	17770.3	
661.298	18070.85	
661.708	17713.8	
662.119	17740.92	
662.529	17630.19	
662.939	17553.35	
663.349	17356.75	
663.759	17499.12	
664.169	17381.61	
664.578	17356.75	
664.988	17625.67	
665.398	17505.9	
665.808	17264.09	
666.217	16866.36	
666.627	16724	
667.036	17123.98	
667.446	16866.36	
667.855	16807.61	
668.265	16595.19	
668.674	16579.37	
669.083	16416.66	
669.492	16283.33	
669.902	16262.99	
670.311	16179.38	
670.72	15761.31	
671.129	15643.8	
671.538	15544.37	
671.947	15381.66	
672.355	15424.59	
672.764	15352.28	
673.173	15356.8	
673.582	15157.93	
673.99	14986.19	
674.399	14938.73	
674.807	14852.86	
675.216	14931.95	
675.624	14728.57	
676.033	14692.41	
676.441	14489.03	
676.849	14125.19	
677.258	14122.93	
677.666	14120.67	
678.074	14080	
678.482	13589.61	
678.89	14037.06	
679.298	14003.16	
679.706	13695.83	
680.114	13571.54	
680.522	13664.19	
680.929	13467.58	
681.337	13460.8	
681.745	13180.59	
682.152	13013.36	
682.56	12947.82	
682.967	12830.31	
683.375	12796.41	
683.782	12692.46	
684.189	12654.05	
684.597	12593.03	
685.004	12489.08	
685.411	12229.2	
685.818	11851.81	
686.225	11081.21	
686.632	10107.22	
687.039	9770.51	
687.446	9454.13	
687.853	9808.92	
688.26	9630.4	
688.667	9587.46	
689.073	9576.16	
689.48	9540	
689.887	9845.08	
690.293	9903.84	
690.7	10082.36	
691.106	10229.25	
691.513	10319.64	
691.919	10636.02	
692.325	10556.93	
692.732	10491.39	
693.138	10434.9	
693.544	10371.62	
693.95	10570.48	
694.356	10123.04	
694.762	10394.22	
695.168	10455.23	
695.574	10288.01	
695.98	10396.48	
696.385	10556.93	
696.791	10258.63	
697.197	10299.31	
697.602	10382.92	
698.008	10175.01	
698.413	10213.43	
698.819	10136.6	
699.224	10025.87	
699.63	9878.98	
700.035	9910.62	
700.44	9924.17	
700.845	9827	
701.251	9759.21	
701.656	9734.35	
702.061	9917.39	
702.466	9684.63	
702.871	9772.77	
703.275	9639.44	
703.68	9576.16	
704.085	9736.61	
704.49	9628.14	
704.894	9601.02	
705.299	9759.21	
705.704	9501.59	
706.108	9515.15	
706.513	9478.99	
706.917	9533.22	
707.321	9621.36	
707.726	9375.04	
708.13	9350.18	
708.534	9228.15	
708.938	9282.38	
709.342	9420.23	
709.746	9140.01	
710.15	9293.68	
710.554	9273.34	
710.958	9146.79	
711.362	8886.91	
711.766	9121.94	
712.17	9054.14	
712.573	9119.68	
712.977	9101.6	
713.38	8981.83	
713.784	8918.55	
714.187	8862.06	
714.591	8902.73	
714.994	8726.47	
715.397	8911.77	
715.801	8636.07	
716.204	8453.03	
716.607	8292.58	
717.01	7793.16	
717.413	7768.3	
717.816	7594.29	
718.219	7408.99	
718.622	7350.23	
719.025	7241.76	
719.428	6979.62	
719.83	7205.6	
720.233	7357.01	
720.636	7332.15	
721.038	7680.17	
721.441	7657.57	
721.843	7874.51	
722.246	7691.46	
722.648	7454.18	
723.05	7587.51	
723.453	7535.54	
723.855	7413.51	
724.257	7370.57	
724.659	7090.35	
725.061	7318.59	
725.463	7442.88	
725.865	7372.83	
726.267	7192.04	
726.669	7137.81	
727.07	7099.39	
727.472	7146.85	
727.874	7149.11	
728.276	7144.59	
728.677	7013.52	
729.079	7124.25	
729.48	6959.28	
729.881	7198.82	
730.283	7196.56	
730.684	6977.36	
731.085	7183	
731.487	7198.82	
731.888	7164.92	
732.289	7381.87	
732.69	7451.92	
733.091	7420.29	
733.492	7323.11	
733.893	7488.08	
734.294	7393.17	
734.694	7503.9	
735.095	7384.13	
735.496	7449.66	
735.896	7323.11	
736.297	7357.01	
736.697	7146.85	
737.098	7420.29	
737.498	7264.36	
737.899	7286.96	
738.299	7108.43	
738.699	7189.78	
739.099	7076.79	
739.5	7176.22	
739.9	7006.74	
740.3	6929.9	
740.7	6830.47	
741.1	6742.34	
741.5	6950.24	
741.899	6776.23	
742.299	6710.7	
742.699	6841.77	
743.099	6832.73	
743.498	6805.61	
743.898	6728.78	
744.297	6654.2	
744.697	6697.14	
745.096	6697.14	
745.495	6665.5	
745.895	6807.87	
746.294	6631.61	
746.693	6656.46	
747.092	6575.11	
747.491	6482.46	
747.89	6328.79	
748.289	6547.99	
748.688	6414.66	
749.087	6270.03	
749.486	6260.99	
749.885	6283.59	
750.284	6233.88	
750.682	6046.31	
751.081	6177.38	
751.479	6118.62	
751.878	5962.7	
752.276	6105.07	
752.675	6050.83	
753.073	6157.04	
753.471	6037.27	
753.87	5969.48	
754.268	6125.4	
754.666	5985.29	
755.064	6098.29	
755.462	6064.39	
755.86	6107.33	
756.258	5906.2	
756.656	6016.93	
757.054	5901.68	
757.452	6005.63	
757.849	5960.44	
758.247	5668.92	
758.645	5309.61	
759.042	4563.86	
759.44	3684.79	
759.837	2997.8	
760.234	2410.25	
760.632	2130.03	
761.029	2168.45	
761.426	2453.18	
761.823	2453.18	
762.221	2407.99	
762.618	2412.51	
763.015	2299.52	
763.412	2423.81	
763.809	2532.28	
764.205	2798.94	
764.602	2941.31	
764.999	3128.87	
765.396	3332.26	
765.792	3603.44	
766.189	3777.44	
766.586	4005.69	
766.982	4294.94	
767.378	4392.12	
767.775	4514.15	
768.171	4450.87	
768.567	4529.97	
768.964	4588.72	
769.36	4762.73	
769.756	4742.39	
770.152	4575.16	
770.548	4665.56	
770.944	4740.13	
771.34	4740.13	
771.736	4464.43	
772.132	4507.37	
772.527	4593.24	
772.923	4529.97	
773.319	4416.97	
773.714	4374.04	
774.11	4202.29	
774.505	4439.57	
774.901	4313.02	
775.296	4233.93	
775.691	4297.2	
776.087	4337.88	
776.482	4209.07	
776.877	4263.31	
777.272	4349.18	
777.667	4014.72	
778.062	4161.61	
778.457	4107.38	
778.852	4062.18	
779.247	4078	
779.642	4014.72	
780.037	3965.01	
780.431	3951.45	
780.826	3996.65	
781.22	3883.65	
781.615	3987.61	
782.009	3894.95	
782.404	3861.06	
782.798	3824.9	
783.193	3736.77	
783.587	3689.31	
783.981	3727.73	
784.375	3585.36	
784.769	3734.51	
785.163	3806.82	
785.557	3689.31	
785.951	3644.11	
786.345	3510.78	
786.739	3508.52	
787.133	3549.2	
787.527	3594.4	
787.92	3549.2	
788.314	3467.85	
788.707	3381.97	
789.101	3442.99	
789.494	3452.03	
789.888	3397.79	
790.281	3442.99	
790.674	3372.93	
791.068	3275.76	
791.461	3217.01	
791.854	3384.23	
792.247	3207.97	
792.64	3350.34	
793.033	3155.99	
793.426	3217.01	
793.819	3241.86	
794.212	3239.6	
794.605	3171.81	
794.997	3205.71	
795.39	3117.57	
795.782	3049.78	
796.175	3119.83	
796.568	3094.98	
796.96	3144.69	
797.352	3122.09	
797.745	3178.59	
798.137	3043	
798.529	3020.4	
798.921	3027.18	
799.314	3011.36	
799.706	3122.09	
800.098	2972.94	
800.49	2907.41	
800.882	2868.99	
801.273	2934.53	
801.665	2880.29	
802.057	2945.83	
802.449	2945.83	
802.84	2916.45	
803.232	2963.91	
803.623	2801.2	
804.015	2859.95	
804.406	2841.87	
804.798	2733.4	
805.189	2778.6	
805.58	2878.03	
805.972	2789.9	
806.363	2676.91	
806.754	2844.13	
807.145	2762.78	
807.536	2771.82	
807.927	2670.13	
808.318	2789.9	
808.709	2674.65	
809.099	2760.52	
809.49	2656.57	
809.881	2591.03	
810.271	2728.88	
810.662	2661.09	
811.053	2654.31	
811.443	2575.21	
811.833	2620.41	
812.224	2602.33	
812.614	2496.12	
813.004	2543.58	
813.395	2516.46	
813.785	2412.51	
814.175	2412.51	
814.565	2369.57	
814.955	2410.25	
815.345	2333.41	
815.735	2267.88	
816.124	2236.24	
816.514	2233.98	
816.904	2276.92	
817.294	2139.07	
817.683	2159.41	
818.073	2148.11	
818.462	2102.91	
818.852	2218.16	
819.241	2100.65	
819.63	2222.68	
820.02	2249.8	
820.409	2245.28	
820.798	2238.5	
821.187	2261.1	
821.576	2200.08	
821.965	2145.85	
822.354	2035.12	
822.743	2064.49	
823.132	2075.79	
823.521	2039.64	
823.91	2188.78	
824.298	2044.16	
824.687	2125.51	
825.076	2150.37	
825.464	2150.37	
825.853	2125.51	
826.241	2107.43	
826.629	2075.79	
827.018	2096.13	
827.406	2064.49	
827.794	2026.08	
828.182	2039.64	
828.571	2028.34	
828.959	1996.7	
829.347	1967.32	
829.735	2080.31	
830.122	1996.7	
830.51	2089.35	
830.898	1933.42	
831.286	2041.9	
831.673	1998.96	
832.061	1946.98	
832.449	1994.44	
832.836	2001.22	
833.224	1910.83	
833.611	2035.12	
833.998	1863.37	
834.386	1942.46	
834.773	2044.16	
835.16	1940.2	
835.547	1944.72	
835.934	2003.48	
836.321	1983.14	
836.708	1958.28	
837.095	2005.74	
837.482	1971.84	
837.869	1996.7	
838.256	2039.64	
838.642	1978.62	
839.029	1892.75	
839.416	1953.76	
839.802	1870.15	
840.189	1797.83	
840.575	1965.06	
840.962	1895.01	
841.348	1904.05	
841.734	1933.42	
842.12	1928.9	
842.507	1822.69	
842.893	1901.79	
843.279	1707.44	
843.665	1775.24	
844.051	1809.13	
844.437	1847.55	
844.822	1827.21	
845.208	1820.43	
845.594	1750.38	
845.98	1804.61	
846.365	1786.53	
846.751	1786.53	
847.136	1709.7	
847.522	1784.28	
847.907	1730.04	
848.293	1743.6	
848.678	1657.72	
849.063	1659.98	
849.448	1623.83	
849.834	1714.22	
850.219	1531.17	
850.604	1637.39	
850.989	1653.21	
851.374	1702.92	
851.758	1612.53	
852.143	1556.03	
852.528	1560.55	
852.913	1585.41	
853.297	1506.32	
853.682	1452.08	
854.067	1474.68	
854.451	1431.74	
854.836	1402.36	
855.22	1481.46	
855.604	1395.58	
855.989	1519.88	
856.373	1501.8	
856.757	1528.91	
857.141	1526.65	
857.525	1465.64	
857.909	1488.24	
858.293	1456.6	
858.677	1510.84	
859.061	1495.02	
859.445	1443.04	
859.828	1481.46	
860.212	1452.08	
860.596	1456.6	
860.979	1438.52	
861.363	1436.26	
861.746	1449.82	
862.13	1391.07	
862.513	1443.04	
862.896	1501.8	
863.28	1341.35	
863.663	1375.25	
864.046	1391.07	
864.429	1354.91	
864.812	1411.4	
865.195	1253.22	
865.578	1384.29	
865.961	1273.55	
866.344	1241.92	
866.726	1176.38	
867.109	1255.48	
867.492	1311.97	
867.874	1287.11	
868.257	1221.58	
868.639	1266.77	
869.022	1269.03	
869.404	1140.22	
869.787	1262.25	
870.169	1253.22	
870.551	1266.77	
870.933	1262.25	
871.315	1244.18	
871.697	1241.92	
872.079	1241.92	
872.461	1185.42	
872.843	1223.84	
873.225	1246.44	
873.607	1171.86	
873.989	1167.34	
874.37	1149.26	
874.752	1212.54	
875.134	1128.93	
875.515	1092.77	
875.896	1099.55	
876.278	1126.67	
876.659	1131.18	
877.041	1137.96	
877.422	1128.93	
877.803	1092.77	
878.184	1142.48	
878.565	1104.07	
878.946	1156.04	
879.327	1174.12	
879.708	1119.89	
880.089	1081.47	
880.47	1104.07	
880.851	1133.44	
881.231	1101.81	
881.612	1079.21	
881.993	1205.76	
882.373	1045.31	
882.754	1158.3	
883.134	1133.44	
883.514	1167.34	
883.895	1149.26	
884.275	1124.41	
884.655	1135.7	
885.035	1176.38	
885.415	1271.29	
885.795	1108.59	
886.175	1239.66	
886.555	1151.52	
886.935	1239.66	
887.315	1183.16	
887.695	1205.76	
888.075	1203.5	
888.454	1262.25	
888.834	1194.46	
889.213	1205.76	
889.593	1117.63	
889.972	1108.59	
890.352	1273.55	
890.731	1208.02	
891.11	1162.82	
891.49	1174.12	
891.869	1088.25	
892.248	1137.96	
892.627	1147	
893.006	1124.41	
893.385	1011.41	
893.764	1085.99	
894.143	1156.04	
894.522	1083.73	
894.9	1076.95	
895.279	1006.89	
895.658	995.6	
896.036	966.22	
896.415	948.14	
896.793	882.6	
897.172	891.64	
897.55	900.68	
897.928	875.82	
898.307	925.54	
898.685	880.34	
899.063	812.55	
899.441	866.79	
899.819	776.39	
900.197	769.61	
900.575	774.13	
900.953	740.23	
901.331	758.31	
901.708	776.39	
902.086	724.42	
902.464	762.83	
902.841	803.51	
903.219	704.08	
903.596	780.91	
903.974	787.69	
904.351	724.42	
904.729	789.95	
905.106	817.07	
905.483	756.05	
905.86	710.86	
906.237	728.94	
906.614	733.46	
906.991	742.49	
907.368	749.27	
907.745	663.4	
908.122	735.72	
908.499	733.46	
908.875	747.01	
909.252	604.65	
909.629	624.98	
910.005	665.66	
910.382	634.02	
910.758	609.16	
911.135	658.88	
911.511	760.57	
911.887	704.08	
912.264	643.06	
912.64	624.98	
913.016	622.72	
913.392	665.66	
913.768	681.48	
914.144	661.14	
914.52	706.34	
914.896	645.32	
915.271	636.28	
915.647	629.5	
916.023	602.39	
916.398	629.5	
916.774	606.9	
917.15	615.94	
917.525	654.36	
917.9	622.72	
918.276	658.88	
918.651	688.26	
919.026	611.42	
919.402	620.46	
919.777	631.76	
920.152	591.09	
920.527	597.87	
920.902	640.8	
921.277	613.68	
921.652	636.28	
922.026	584.31	
922.401	597.87	
922.776	545.89	
923.15	550.41	
923.525	665.66	
923.9	563.97	
924.274	597.87	
924.648	579.79	
925.023	609.16	
925.397	554.93	
925.771	597.87	
926.146	552.67	
926.52	615.94	
926.894	647.58	
927.268	584.31	
927.642	629.5	
928.016	543.63	
928.39	652.1	
928.764	509.73	
929.137	541.37	
929.511	545.89	
929.885	557.19	
930.258	530.07	
930.632	516.51	
931.005	523.29	
931.379	521.03	
931.752	464.54	
932.125	487.13	
932.499	516.51	
932.872	446.46	
933.245	496.17	
933.618	430.64	
933.991	432.9	
934.364	448.72	
934.737	439.68	
935.11	464.54	
935.483	383.18	
935.856	455.5	
936.228	455.5	
936.601	419.34	
936.974	389.96	
937.346	435.16	
937.719	358.32	
938.091	389.96	
938.464	376.4	
938.836	439.68	
939.208	394.48	
939.58	405.78	
939.953	376.4	
940.325	432.9	
940.697	428.38	
941.069	414.82	
941.441	414.82	
941.813	509.73	
942.184	437.42	
942.556	394.48	
942.928	360.58	
943.3	365.1	
943.671	444.2	
944.043	344.76	
944.414	387.7	
944.786	396.74	
945.157	385.44	
945.529	358.32	
945.9	335.73	
946.271	405.78	
946.642	401.26	
947.013	360.58	
947.384	401.26	
947.756	385.44	
948.126	441.94	
948.497	367.36	
948.868	383.18	
949.239	412.56	
949.61	405.78	
949.98	423.86	
950.351	374.14	
950.722	385.44	
951.092	428.38	
951.463	387.7	
951.833	383.18	
952.203	380.92	
952.574	446.46	
952.944	371.88	
953.314	374.14	
953.684	412.56	
954.054	389.96	
954.424	331.21	
954.794	344.76	
955.164	408.04	
955.534	419.34	
955.904	399	
956.274	387.7	
956.643	362.84	
957.013	426.12	
957.383	385.44	
957.752	394.48	
958.122	401.26	
958.491	399	
958.86	358.32	
959.23	410.3	
959.599	365.1	
959.968	408.04	
960.337	430.64	
960.706	356.06	
961.075	358.32	
961.444	439.68	
961.813	399	
962.182	369.62	
962.551	380.92	
962.92	410.3	
963.288	369.62	
963.657	417.08	
964.026	369.62	
964.394	371.88	
964.763	430.64	
965.131	396.74	
965.499	421.6	
965.868	365.1	
966.236	340.25	
966.604	401.26	
966.972	396.74	
967.34	414.82	
967.708	385.44	
968.076	401.26	
968.444	362.84	
968.812	351.54	
969.18	365.1	
969.548	351.54	
969.915	385.44	
970.283	412.56	
970.651	392.22	
971.018	394.48	
971.386	387.7	
971.753	405.78	
972.121	383.18	
972.488	417.08	
972.855	428.38	
973.222	387.7	
973.589	365.1	
973.957	335.73	
974.324	439.68	
974.691	389.96	
975.057	446.46	
975.424	394.48	
975.791	417.08	
976.158	337.99	
976.525	380.92	
976.891	430.64	
977.258	414.82	
977.624	389.96	
977.991	358.32	
978.357	371.88	
978.724	365.1	
979.09	396.74	
979.456	385.44	
979.822	356.06	
980.189	417.08	
980.555	371.88	
980.921	392.22	
981.287	392.22	
981.653	349.28	
982.019	295.05	
982.384	358.32	
982.75	439.68	
983.116	403.52	
983.481	414.82	
983.847	378.66	
984.213	324.43	
984.578	410.3	
984.944	437.42	
985.309	383.18	
985.674	396.74	
986.039	387.7	
986.405	344.76	
986.77	385.44	
987.135	394.48	
987.5	337.99	
987.865	360.58	
988.23	399	
988.595	392.22	
988.96	351.54	
989.324	376.4	
989.689	437.42	
990.054	380.92	
990.418	362.84	
990.783	360.58	
991.147	333.47	
991.512	331.21	
991.876	358.32	
992.24	340.25	
992.605	328.95	
992.969	319.91	
993.333	401.26	
993.697	392.22	
994.061	356.06	
994.425	331.21	
994.789	376.4	
995.153	376.4	
995.517	358.32	
995.881	421.6	
996.244	365.1	
996.608	306.35	
996.971	360.58	
997.335	365.1	
997.698	252.11	
998.062	335.73	
998.425	319.91	
998.789	337.99	
999.152	380.92	
999.515	401.26	
999.878	313.13	
1000.241	421.6	
1000.604	353.8	
1000.967	380.92	
1001.33	389.96	
1001.693	360.58	
1002.056	360.58	
1002.419	362.84	
1002.781	380.92	
1003.144	353.8	
1003.507	333.47	
1003.869	315.39	
1004.232	335.73	
1004.594	331.21	
1004.956	358.32	
1005.319	378.66	
1005.681	378.66	
1006.043	371.88	
1006.405	378.66	
1006.767	365.1	
1007.129	414.82	
1007.491	369.62	
1007.853	326.69	
1008.215	383.18	
1008.577	394.48	
1008.939	347.02	
1009.3	328.95	
1009.662	353.8	
1010.024	335.73	
1010.385	306.35	
1010.747	371.88	
1011.108	335.73	
1011.469	353.8	
1011.831	362.84	
1012.192	306.35	
1012.553	322.17	
1012.914	322.17	
1013.275	326.69	
1013.636	304.09	
1013.997	374.14	
1014.358	342.51	
1014.719	356.06	
1015.08	290.53	
1015.441	333.47	
1015.801	286.01	
1016.162	374.14	
1016.523	322.17	
1016.883	322.17	
1017.244	324.43	
1017.604	374.14	
1017.964	349.28	
1018.325	310.87	
1018.685	351.54	
1019.045	324.43	
1019.405	344.76	
1019.765	315.39	
1020.125	272.45	
1020.485	383.18	
1020.845	310.87	
1021.205	326.69	
1021.565	378.66	
1021.925	344.76	
1022.284	299.57	
1022.644	335.73	
1023.004	349.28	
1023.363	333.47	
1023.723	371.88	
1024.082	322.17	
1024.441	349.28	
1024.801	315.39	
1025.16	383.18	
1025.519	317.65	
1025.878	315.39	
1026.237	419.34	
1026.596	328.95	
1026.955	349.28	
1027.314	313.13	
1027.673	360.58	
1028.032	326.69	
1028.39	313.13	
1028.749	347.02	
1029.108	306.35	
1029.466	347.02	
1029.825	403.52	
1030.183	387.7	
1030.542	218.21	
1030.9	292.79	
1031.258	335.73	
1031.616	315.39	
1031.975	315.39	
1032.333	315.39	
