FLMS05509_1:101		
187.923	-9.46	
188.387	-9.46	
188.851	-9.46	
189.315	-136.01	
189.779	-70.48	
190.242	-113.42	
190.706	-104.38	
191.17	-72.74	
191.633	-18.5	
192.097	-111.16	
192.56	-20.76	
193.024	-75	
193.487	-36.58	
193.951	17.65	
194.414	31.21	
194.877	13.14	
195.34	40.25	
195.803	62.85	
196.266	148.72	
196.73	114.83	
197.193	123.87	
197.656	105.79	
198.118	71.89	
198.581	169.06	
199.044	302.39	
199.507	270.76	
199.97	293.35	
200.432	311.43	
200.895	311.43	
201.358	254.94	
201.82	329.51	
202.283	372.45	
202.745	413.12	
203.207	313.69	
203.67	367.93	
204.132	367.93	
204.594	336.29	
205.056	374.71	
205.519	419.9	
205.981	428.94	
206.443	397.31	
206.905	390.53	
207.367	422.16	
207.829	435.72	
208.291	440.24	
208.752	406.35	
209.214	354.37	
209.676	361.15	
210.138	372.45	
210.599	379.23	
211.061	356.63	
211.522	431.2	
211.984	415.38	
212.445	349.85	
212.907	419.9	
213.368	426.68	
213.829	392.79	
214.291	361.15	
214.752	374.71	
215.213	390.53	
215.674	453.8	
216.135	367.93	
216.596	383.75	
217.057	367.93	
217.518	435.72	
217.979	327.25	
218.44	347.59	
218.9	322.73	
219.361	397.31	
219.822	358.89	
220.282	408.61	
220.743	345.33	
221.204	311.43	
221.664	365.67	
222.125	343.07	
222.585	417.64	
223.045	345.33	
223.506	372.45	
223.966	336.29	
224.426	302.39	
224.886	358.89	
225.346	340.81	
225.806	327.25	
226.266	372.45	
226.726	367.93	
227.186	392.79	
227.646	383.75	
228.106	349.85	
228.566	381.49	
229.025	347.59	
229.485	453.8	
229.945	363.41	
230.404	356.63	
230.864	408.61	
231.323	390.53	
231.783	476.4	
232.242	390.53	
232.702	404.09	
233.161	395.05	
233.62	381.49	
234.079	379.23	
234.538	386.01	
234.998	374.71	
235.457	410.86	
235.916	431.2	
236.375	410.86	
236.834	343.07	
237.292	386.01	
237.751	367.93	
238.21	424.42	
238.669	440.24	
239.127	388.27	
239.586	374.71	
240.045	315.95	
240.503	343.07	
240.962	352.11	
241.42	406.35	
241.878	372.45	
242.337	433.46	
242.795	419.9	
243.253	388.27	
243.712	397.31	
244.17	376.97	
244.628	397.31	
245.086	404.09	
245.544	392.79	
246.002	406.35	
246.46	379.23	
246.918	392.79	
247.375	352.11	
247.833	426.68	
248.291	370.19	
248.749	324.99	
249.206	404.09	
249.664	401.83	
250.121	376.97	
250.579	388.27	
251.036	428.94	
251.494	469.62	
251.951	399.57	
252.408	415.38	
252.866	374.71	
253.323	417.64	
253.78	406.35	
254.237	408.61	
254.694	379.23	
255.151	431.2	
255.608	336.29	
256.065	433.46	
256.522	404.09	
256.979	433.46	
257.435	406.35	
257.892	444.76	
258.349	383.75	
258.805	397.31	
259.262	465.1	
259.718	419.9	
260.175	422.16	
260.631	449.28	
261.088	469.62	
261.544	422.16	
262	327.25	
262.457	410.86	
262.913	347.59	
263.369	424.42	
263.825	370.19	
264.281	413.12	
264.737	390.53	
265.193	449.28	
265.649	388.27	
266.105	415.38	
266.561	406.35	
267.016	408.61	
267.472	406.35	
267.928	392.79	
268.383	419.9	
268.839	334.03	
269.294	422.16	
269.75	334.03	
270.205	404.09	
270.661	426.68	
271.116	410.86	
271.571	406.35	
272.026	410.86	
272.482	392.79	
272.937	435.72	
273.392	372.45	
273.847	410.86	
274.302	408.61	
274.757	453.8	
275.212	431.2	
275.666	440.24	
276.121	408.61	
276.576	458.32	
277.031	363.41	
277.485	397.31	
277.94	392.79	
278.395	467.36	
278.849	361.15	
279.303	426.68	
279.758	392.79	
280.212	395.05	
280.667	419.9	
281.121	383.75	
281.575	440.24	
282.029	413.12	
282.483	397.31	
282.937	390.53	
283.391	367.93	
283.845	415.38	
284.299	460.58	
284.753	424.42	
285.207	517.08	
285.661	401.83	
286.115	415.38	
286.568	415.38	
287.022	401.83	
287.475	408.61	
287.929	408.61	
288.383	365.67	
288.836	442.5	
289.289	422.16	
289.743	462.84	
290.196	395.05	
290.649	404.09	
291.102	406.35	
291.556	451.54	
292.009	489.96	
292.462	419.9	
292.915	392.79	
293.368	415.38	
293.821	433.46	
294.274	489.96	
294.726	458.32	
295.179	489.96	
295.632	392.79	
296.084	370.19	
296.537	499	
296.99	433.46	
297.442	444.76	
297.895	462.84	
298.347	442.5	
298.8	417.64	
299.252	401.83	
299.704	440.24	
300.156	422.16	
300.609	451.54	
301.061	426.68	
301.513	404.09	
301.965	456.06	
302.417	447.02	
302.869	474.14	
303.321	508.04	
303.773	474.14	
304.224	512.56	
304.676	521.6	
305.128	571.31	
305.579	449.28	
306.031	566.79	
306.483	623.29	
306.934	537.42	
307.386	688.82	
307.837	668.49	
308.288	686.56	
308.74	713.68	
309.191	702.38	
309.642	729.5	
310.093	880.91	
310.544	989.38	
310.996	1070.73	
311.447	1102.37	
311.898	1079.77	
312.348	1109.15	
312.799	1231.18	
313.25	1145.31	
313.701	1391.63	
314.152	1402.93	
314.602	1350.95	
315.053	1434.57	
315.504	1418.75	
315.954	1536.26	
316.405	1592.75	
316.855	1800.66	
317.305	1766.76	
317.756	1834.56	
318.206	1983.7	
318.656	1963.37	
319.107	2004.04	
319.557	2193.87	
320.007	2182.57	
320.457	2297.82	
320.907	2370.14	
321.357	2200.65	
321.807	2277.48	
322.257	2297.82	
322.706	2261.66	
323.156	2424.37	
323.606	2600.64	
324.056	2666.17	
324.505	2722.67	
324.955	2880.86	
325.404	3084.24	
325.854	3213.05	
326.303	3339.6	
326.753	3472.93	
327.202	3393.84	
327.651	3472.93	
328.1	3848.06	
328.55	3730.55	
328.999	3793.83	
329.448	4051.45	
329.897	4218.67	
330.346	4198.34	
330.795	3981.39	
331.244	4040.15	
331.693	4051.45	
332.141	3994.95	
332.59	4010.77	
333.039	4187.04	
333.487	3945.24	
333.936	3988.17	
334.385	4248.05	
334.833	4519.23	
335.282	4792.67	
335.73	4968.94	
336.178	4910.18	
336.627	4709.06	
337.075	4465	
337.523	4444.66	
337.971	4587.03	
338.419	4729.4	
338.867	4758.77	
339.315	4876.28	
339.763	5269.49	
340.211	5325.99	
340.659	5303.39	
341.107	5366.67	
341.555	5366.67	
342.002	5445.76	
342.45	5393.78	
342.898	5368.93	
343.345	5337.29	
343.793	5255.94	
344.24	4946.34	
344.688	4984.76	
345.135	5368.93	
345.582	5176.84	
346.03	5407.34	
346.477	5615.25	
346.924	5520.34	
347.371	5436.72	
347.818	5563.27	
348.265	5533.89	
348.712	5606.21	
349.159	5811.85	
349.606	6094.33	
350.053	6189.24	
350.5	6076.25	
350.947	6324.83	
351.393	6060.43	
351.84	6293.2	
352.287	6218.62	
352.733	6315.79	
353.18	6462.68	
353.626	6844.59	
354.072	7314.64	
354.519	7447.97	
354.965	7389.21	
355.411	7362.09	
355.858	7011.82	
356.304	6745.16	
356.75	6553.08	
357.196	6225.4	
357.642	6189.24	
358.088	6123.71	
358.534	6261.56	
358.98	6521.44	
359.425	6950.81	
359.871	7325.94	
360.317	7612.94	
360.763	7280.74	
361.208	7206.17	
361.654	7457.01	
362.099	7698.81	
362.545	7721.41	
362.99	8290.88	
363.436	8435.51	
363.881	8473.93	
364.326	8695.39	
364.771	9054.71	
365.217	9054.71	
365.662	9768.81	
366.107	10275.01	
366.552	10670.48	
366.997	10313.43	
367.442	10263.71	
367.887	10245.63	
368.332	10494.22	
368.776	10134.9	
369.221	10625.29	
369.666	10632.07	
370.11	10799.29	
370.555	11095.33	
371	10726.98	
371.444	10659.18	
371.888	10496.48	
372.333	10204.96	
372.777	9963.16	
373.221	9739.43	
373.666	9307.81	
374.11	9746.21	
374.554	9612.88	
374.998	10098.75	
375.442	10591.39	
375.886	10910.02	
376.33	11545.04	
376.774	12119.03	
377.218	12873.81	
377.662	13920.11	
378.106	13739.33	
378.549	14017.29	
378.993	14064.74	
379.436	13027.48	
379.88	12731.44	
380.324	13540.46	
380.767	13056.86	
381.21	12713.37	
381.654	11920.17	
382.097	10799.29	
382.54	9825.31	
382.984	9280.69	
383.427	9434.36	
383.87	9581.25	
384.313	10232.08	
384.756	11285.16	
385.199	11574.41	
385.642	11746.16	
386.085	12067.06	
386.528	12067.06	
386.97	12150.67	
387.413	12476.08	
387.856	12326.94	
388.298	12523.54	
388.741	12835.4	
389.183	13732.55	
389.626	14175.47	
390.068	15140.42	
390.511	15960.74	
390.953	16387.85	
391.395	15481.66	
391.838	15748.31	
392.28	13861.36	
392.722	12365.35	
393.164	11515.66	
393.606	11425.26	
394.048	12037.68	
394.49	13126.91	
394.932	15379.96	
395.374	15488.43	
395.815	14955.12	
396.257	14204.85	
396.699	13773.23	
397.141	13479.45	
397.582	15581.09	
398.024	16936.98	
398.465	18604.74	
398.907	22394.47	
399.348	22803.5	
399.789	23619.29	
400.231	24247.53	
400.672	24652.04	
401.113	25126.6	
401.554	23506.3	
401.995	24518.71	
402.436	26428.26	
402.877	24019.28	
403.318	26407.92	
403.759	23915.33	
404.2	24597.8	
404.641	24374.08	
405.082	24091.6	
405.522	23562.8	
405.963	24062.22	
406.404	23540.2	
406.844	24466.73	
407.285	22572.99	
407.725	24658.81	
408.166	24487.07	
408.606	25628.28	
409.046	24333.4	
409.487	24218.15	
409.927	24496.11	
410.367	24446.39	
410.807	24584.24	
411.247	26484.76	
411.687	25723.19	
412.127	28184.15	
412.567	27106.21	
413.007	27641.79	
413.447	27271.18	
413.886	27696.02	
414.326	27804.49	
414.766	29562.64	
415.205	28477.92	
415.645	27158.18	
416.084	29955.85	
416.524	28048.56	
416.963	29479.03	
417.403	29614.62	
417.842	28190.93	
418.281	28807.86	
418.721	27298.29	
419.16	27662.13	
419.599	27508.46	
420.038	28884.69	
420.477	29743.43	
420.916	30028.17	
421.355	29054.18	
421.794	30080.14	
422.233	28398.83	
422.671	29347.96	
423.11	28066.63	
423.549	28959.27	
423.987	27867.77	
424.426	27112.99	
424.864	27140.11	
425.303	28188.67	
425.741	27962.68	
426.18	27149.14	
426.618	27386.43	
427.056	27219.2	
427.495	28199.96	
427.933	25040.73	
428.371	24932.25	
428.809	24708.53	
429.247	24706.27	
429.685	22900.67	
430.123	21628.39	
430.561	21714.26	
430.999	22152.67	
431.436	23024.96	
431.874	24963.89	
432.312	26416.96	
432.749	27286.99	
433.187	27207.9	
433.625	28660.97	
434.062	26661.02	
434.5	27336.71	
434.937	27221.46	
435.374	28618.03	
435.812	29332.14	
436.249	30455.27	
436.686	29284.68	
437.123	29469.99	
437.56	30159.24	
437.997	29151.35	
438.434	30184.09	
438.871	28762.66	
439.308	29845.12	
439.745	30256.41	
440.182	31483.49	
440.618	31088.02	
441.055	33594.17	
441.492	32048.45	
441.928	33347.85	
442.365	33431.47	
442.801	35503.73	
443.238	35101.48	
443.674	35101.48	
444.111	36592.96	
444.547	37352.27	
444.983	35564.74	
445.419	35444.97	
445.855	34672.11	
446.292	36705.96	
446.728	35860.78	
447.164	38016.66	
447.599	38061.85	
448.035	37006.51	
448.471	35655.14	
448.907	37953.38	
449.343	38407.61	
449.778	39085.55	
450.214	39533	
450.65	40014.34	
451.085	40608.68	
451.521	38760.14	
451.956	39221.14	
452.392	38961.26	
452.827	36943.24	
453.262	37347.75	
453.697	37824.57	
454.133	37639.26	
454.568	37447.18	
455.003	36771.49	
455.438	37725.14	
455.873	38870.87	
456.308	38208.74	
456.743	39329.62	
457.178	40125.07	
457.612	38816.63	
458.047	38897.99	
458.482	39094.59	
458.917	37865.25	
459.351	39469.72	
459.786	39648.25	
460.22	37953.38	
460.655	38412.13	
461.089	38972.56	
461.523	41424.48	
461.958	38495.74	
462.392	40152.19	
462.826	40520.54	
463.26	40827.88	
463.694	41047.08	
464.128	40043.72	
464.562	41268.55	
464.996	39876.49	
465.43	41160.08	
465.864	41001.89	
466.298	41666.28	
466.732	42595.07	
467.165	42034.63	
467.599	40479.87	
468.033	42547.61	
468.466	44728.34	
468.9	42572.47	
469.333	44204.06	
469.767	43630.07	
470.2	43315.95	
470.633	45040.2	
471.066	43505.78	
471.5	46048.08	
471.933	47008.51	
472.366	47510.19	
472.799	48441.24	
473.232	47935.04	
473.665	47941.82	
474.098	48389.26	
474.531	50244.58	
474.963	50045.72	
475.396	50018.6	
475.829	51514.61	
476.262	50427.63	
476.694	49953.07	
477.127	50445.71	
477.559	52737.17	
477.992	53304.39	
478.424	54267.08	
478.856	54861.41	
479.289	54348.43	
479.721	54549.55	
480.153	54366.51	
480.585	54856.89	
481.017	55105.47	
481.449	55973.25	
481.881	55076.09	
482.313	55729.18	
482.745	55261.4	
483.177	56212.79	
483.609	56407.13	
484.041	55424.11	
484.472	55322.42	
484.904	55372.13	
485.336	54086.29	
485.767	52728.13	
486.199	51132.7	
486.63	50608.42	
487.062	51736.07	
487.493	52294.25	
487.924	53957.48	
488.355	54813.95	
488.787	55469.3	
489.218	55638.79	
489.649	56384.53	
490.08	56380.01	
490.511	56897.52	
490.942	56809.38	
491.373	55914.49	
491.804	56142.73	
492.234	55281.74	
492.665	55842.18	
493.096	56296.4	
493.526	56495.27	
493.957	57051.18	
494.388	57087.34	
494.818	56893	
495.249	57670.38	
495.679	57399.2	
496.109	56868.14	
496.54	57541.57	
496.97	56843.28	
497.4	57521.23	
497.83	57964.15	
498.26	57776.59	
498.69	57878.28	
499.12	57966.41	
499.55	57595.8	
499.98	57848.9	
500.41	57173.21	
500.84	56951.75	
501.269	56780	
501.699	57046.66	
502.129	57525.75	
502.558	57462.47	
502.988	57433.09	
503.417	58205.96	
503.847	58370.92	
504.276	57995.79	
504.706	58461.32	
505.135	58868.08	
505.564	59643.21	
505.993	60009.3	
506.422	59699.7	
506.851	59575.41	
507.28	59561.85	
507.709	59245.48	
508.138	59021.75	
508.567	59317.79	
508.996	59885.01	
509.425	60379.91	
509.854	59683.88	
510.282	60040.94	
510.711	60266.92	
511.14	60797.98	
511.568	60874.81	
511.997	60549.4	
512.425	60425.11	
512.853	60303.08	
513.282	60115.51	
513.71	59557.33	
514.138	59774.28	
514.566	60210.42	
514.994	59335.87	
515.423	59127.97	
515.851	59568.63	
516.279	58922.32	
516.706	58325.73	
517.134	56872.66	
517.562	55928.05	
517.99	56802.6	
518.418	56705.43	
518.845	56976.61	
519.273	57295.24	
519.701	57744.95	
520.128	59112.15	
520.556	59096.33	
520.983	58942.66	
521.41	58761.87	
521.838	58680.52	
522.265	58779.95	
522.692	58782.21	
523.119	58312.17	
523.546	57928	
523.973	58470.36	
524.4	59094.07	
524.827	58777.69	
525.254	57923.48	
525.681	57821.78	
526.108	57803.71	
526.535	57415.02	
526.962	55751.78	
527.388	55044.46	
527.815	55767.6	
528.241	57344.96	
528.668	57819.52	
529.094	57453.43	
529.521	57966.41	
529.947	58865.83	
530.373	58488.43	
530.8	58341.55	
531.226	57923.48	
531.652	57670.38	
532.078	57830.82	
532.504	57668.12	
532.93	56949.49	
533.356	55613.93	
533.782	55812.8	
534.208	56558.54	
534.634	57466.99	
535.059	56841.02	
535.485	56759.67	
535.911	56755.15	
536.336	57290.73	
536.762	56994.69	
537.187	56596.96	
537.613	56682.83	
538.038	57010.51	
538.464	57819.52	
538.889	57695.23	
539.314	56981.13	
539.739	56237.65	
540.164	55496.42	
540.59	56126.91	
541.015	56346.12	
541.44	55993.58	
541.865	55986.8	
542.289	56181.15	
542.714	56425.21	
543.139	56813.9	
543.564	56334.82	
543.988	56323.52	
544.413	56746.11	
544.838	58115.56	
545.262	58025.17	
545.687	57356.26	
546.111	57399.2	
546.535	57222.93	
546.96	57080.56	
547.384	57112.2	
547.808	56474.93	
548.233	56404.87	
548.657	57098.64	
549.081	56784.52	
549.505	57582.24	
549.929	57512.19	
550.353	57200.33	
550.776	57796.93	
551.2	58036.47	
551.624	57306.54	
552.048	56664.75	
552.471	56707.69	
552.895	57290.73	
553.319	57030.85	
553.742	56716.73	
554.166	56576.62	
554.589	56515.6	
555.012	56843.28	
555.436	57265.87	
555.859	57487.33	
556.282	56671.53	
556.705	56126.91	
557.128	55467.04	
557.552	55345.01	
557.975	56029.74	
558.398	55534.84	
558.82	54987.96	
559.243	54698.7	
559.666	54913.39	
560.089	54364.25	
560.512	54660.29	
560.934	54350.69	
561.357	54667.07	
561.779	55184.57	
562.202	55209.42	
562.624	53932.62	
563.047	53268.23	
563.469	53837.71	
563.891	53919.06	
564.314	54000.42	
564.736	53360.89	
565.158	52658.08	
565.58	51993.69	
566.002	52066	
566.424	51971.09	
566.846	51489.75	
567.268	51232.13	
567.69	51193.71	
568.111	50886.37	
568.533	51684.09	
568.955	52108.94	
569.377	51279.58	
569.798	50097.69	
570.22	50409.55	
570.641	49873.97	
571.063	50791.46	
571.484	50285.26	
571.905	49962.1	
572.327	50258.14	
572.748	51069.42	
573.169	51645.68	
573.59	51469.41	
574.011	50829.88	
574.432	51510.09	
574.853	50918.01	
575.274	51037.78	
575.695	51153.03	
576.116	51173.37	
576.536	50807.28	
576.957	49788.1	
577.378	50490.9	
577.798	51261.51	
578.219	50332.72	
578.64	49349.69	
579.06	49403.93	
579.48	49878.49	
579.901	49883.01	
580.321	49871.71	
580.741	49189.24	
581.161	48692.08	
581.582	48513.55	
582.002	49198.28	
582.422	48854.79	
582.842	49580.19	
583.262	47876.28	
583.682	48070.63	
584.101	48766.66	
584.521	48739.54	
584.941	48427.68	
585.361	47241.27	
585.78	46945.23	
586.2	48097.75	
586.619	48698.86	
587.039	48113.57	
587.458	47431.1	
587.878	46590.44	
588.297	46583.66	
588.716	46382.54	
589.136	45630.01	
589.555	45428.89	
589.974	44841.34	
590.393	45559.96	
590.812	45677.47	
591.231	47392.68	
591.65	47754.25	
592.069	47329.41	
592.488	47864.98	
592.906	48791.51	
593.325	48938.4	
593.744	49810.7	
594.162	49295.46	
594.581	49148.57	
594.999	49422.01	
595.418	49313.53	
595.836	51205.01	
596.255	51598.22	
596.673	50612.93	
597.091	50029.9	
597.509	50712.37	
597.928	50818.58	
598.346	50341.76	
598.764	49672.85	
599.182	48716.94	
599.6	48805.07	
600.018	48915.8	
600.435	48583.61	
600.853	47937.3	
601.271	47313.59	
601.689	46400.62	
602.106	46531.69	
602.524	46045.82	
602.941	46079.72	
603.359	45559.96	
603.776	45903.45	
604.194	45765.6	
604.611	45521.54	
605.028	45580.3	
605.446	45880.86	
605.863	45582.56	
606.28	44671.85	
606.697	44509.14	
607.114	44710.27	
607.531	44341.91	
607.948	43315.95	
608.365	42922.74	
608.782	42484.33	
609.198	41867.4	
609.615	41691.14	
610.032	41264.03	
610.448	41388.32	
610.865	40337.5	
611.281	40843.7	
611.698	39901.35	
612.114	39578.2	
612.531	39668.59	
612.947	39015.5	
613.363	38513.82	
613.779	37921.74	
614.196	38179.36	
614.612	37682.2	
615.028	38260.72	
615.444	37200.86	
615.86	36787.31	
616.276	37173.74	
616.691	36540.99	
617.107	36156.82	
617.523	36082.24	
617.939	36007.67	
618.354	35865.3	
618.77	35684.51	
619.185	36075.46	
619.601	35777.17	
620.016	35720.67	
620.432	35890.16	
620.847	35646.1	
621.262	35930.83	
621.677	35008.83	
622.093	34999.79	
622.508	34477.77	
622.923	34635.95	
623.338	34317.32	
623.753	33689.09	
624.168	33169.33	
624.583	32977.24	
624.997	33255.2	
625.412	33067.63	
625.827	32541.09	
626.242	32113.99	
626.656	31232.65	
627.071	31365.98	
627.485	31101.58	
627.9	31248.47	
628.314	31325.31	
628.728	30920.8	
629.143	30443.97	
629.557	30475.61	
629.971	30719.67	
630.385	30034.94	
630.799	29860.94	
631.213	29725.35	
631.627	30428.15	
632.041	30043.98	
632.455	30231.55	
632.869	31277.85	
633.283	29930.99	
633.697	30034.94	
634.11	30028.17	
634.524	29872.24	
634.937	29677.89	
635.351	29646.25	
635.764	29332.14	
636.178	29639.47	
636.591	29070	
637.004	29542.3	
637.418	29743.43	
637.831	30335.5	
638.244	30082.4	
638.657	29549.08	
639.07	29641.73	
639.483	29320.84	
639.896	29413.49	
640.309	29829.3	
640.722	28984.12	
641.135	29244.01	
641.547	28834.98	
641.96	28862.09	
642.373	29155.87	
642.785	28936.67	
643.198	28999.94	
643.61	28694.87	
644.023	28938.93	
644.435	29302.76	
644.848	29438.35	
645.26	29388.63	
645.672	28462.1	
646.084	27689.24	
646.496	27754.78	
646.908	27876.81	
647.32	28077.93	
647.732	27790.94	
648.144	27707.32	
648.556	27214.68	
648.968	27334.45	
649.38	27174	
649.791	27354.79	
650.203	27535.58	
650.615	27144.63	
651.026	26724.3	
651.438	26970.62	
651.849	27119.77	
652.261	27644.05	
652.672	27361.57	
653.083	27169.48	
653.495	27727.66	
653.906	27128.81	
654.317	27241.8	
654.728	27162.7	
655.139	25983.07	
655.55	25678	
655.961	25126.6	
656.372	24685.93	
656.783	24550.34	
657.193	24163.91	
657.604	23813.64	
658.015	24328.88	
658.425	25056.54	
658.836	25793.25	
659.246	25962.74	
659.657	26152.56	
660.067	26717.52	
660.478	25874.6	
660.888	25772.91	
661.298	26157.08	
661.708	25714.15	
662.119	26010.19	
662.529	25632.8	
662.939	25375.18	
663.349	25363.88	
663.759	25196.65	
664.169	25045.25	
664.578	25183.09	
664.988	25316.42	
665.398	25115.3	
665.808	24765.03	
666.217	24817	
666.627	24862.2	
667.036	24789.88	
667.446	24742.43	
667.855	24496.11	
668.265	24059.96	
668.674	23612.51	
669.083	23540.2	
669.492	23336.82	
669.902	24098.38	
670.311	23519.86	
670.72	23115.35	
671.129	23219.3	
671.538	23321	
671.947	23072.42	
672.355	22358.31	
672.764	22536.84	
673.173	22258.88	
673.582	22643.05	
673.99	22337.97	
674.399	22274.7	
674.807	22152.67	
675.216	22554.92	
675.624	22552.66	
676.033	21804.65	
676.441	21022.75	
676.849	20785.47	
677.258	21027.27	
677.666	21359.47	
678.074	21370.77	
678.482	20645.36	
678.89	20430.68	
679.298	20322.21	
679.706	20134.64	
680.114	19883.8	
680.522	20545.93	
680.929	19838.6	
681.337	19879.28	
681.745	19445.39	
682.152	19244.27	
682.56	18805.86	
682.967	19027.32	
683.375	19422.79	
683.782	19006.99	
684.189	18674.79	
684.597	18668.01	
685.004	17929.05	
685.411	17947.13	
685.818	17721.14	
686.225	17237.54	
686.632	16656.77	
687.039	16096.33	
687.446	15413.86	
687.853	14907.66	
688.26	14146.1	
688.667	13798.08	
689.073	14015.03	
689.48	13940.45	
689.887	14401.46	
690.293	14376.6	
690.7	14464.73	
691.106	14487.33	
691.513	15065.85	
691.919	15169.8	
692.325	15011.61	
692.732	15133.64	
693.138	15276.01	
693.544	15443.24	
693.95	16001.42	
694.356	15913.28	
694.762	15563.01	
695.168	15777.69	
695.574	15477.14	
695.98	14961.89	
696.385	15495.21	
696.791	15651.14	
697.197	15698.6	
697.602	15508.77	
698.008	15481.66	
698.413	15233.07	
698.819	15264.71	
699.224	15031.95	
699.63	15411.6	
700.035	15054.55	
700.44	14808.23	
700.845	14453.43	
701.251	14462.47	
701.656	14512.19	
702.061	14618.4	
702.466	14518.97	
702.871	14480.55	
703.275	14539.31	
703.68	14157.4	
704.085	14577.72	
704.49	14297.51	
704.894	14204.85	
705.299	14161.92	
705.704	14198.07	
706.108	14087.34	
706.513	14204.85	
706.917	14021.81	
707.321	13987.91	
707.726	14109.94	
708.13	14134.8	
708.534	13868.14	
708.938	14057.96	
709.342	14157.4	
709.746	13594.7	
710.15	13752.89	
710.554	13565.32	
710.958	13759.67	
711.362	13696.39	
711.766	13689.61	
712.17	13230.87	
712.573	13621.82	
712.977	13755.15	
713.38	13407.13	
713.784	13520.12	
714.187	13052.34	
714.591	12925.79	
714.994	13052.34	
715.397	13226.35	
715.801	13300.92	
716.204	13106.58	
716.607	12704.33	
717.01	12071.58	
717.413	12200.39	
717.816	11635.43	
718.219	11682.88	
718.622	11373.29	
719.025	11224.14	
719.428	10968.78	
719.83	10839.97	
720.233	10708.9	
720.636	11093.07	
721.038	11095.33	
721.441	11084.03	
721.843	11129.23	
722.246	11041.09	
722.648	11395.89	
723.05	11314.53	
723.453	11273.86	
723.855	11314.53	
724.257	11156.35	
724.659	11140.53	
725.061	10873.87	
725.463	10998.16	
725.865	10801.55	
726.267	10871.61	
726.669	10826.41	
727.07	10738.28	
727.472	10571.05	
727.874	10950.7	
728.276	10756.36	
728.677	10439.98	
729.079	10539.41	
729.48	10582.35	
729.881	10763.14	
730.283	10616.25	
730.684	10665.96	
731.085	10720.2	
731.487	10525.85	
731.888	10923.58	
732.289	10998.16	
732.69	10991.38	
733.091	10824.15	
733.492	10781.21	
733.893	10672.74	
734.294	11086.29	
734.694	11456.9	
735.095	11332.61	
735.496	11054.65	
735.896	11045.61	
736.297	11056.91	
736.697	11002.68	
737.098	10982.34	
737.498	10851.27	
737.899	10661.44	
738.299	10943.92	
738.699	10736.02	
739.099	10634.32	
739.5	10654.66	
739.9	10528.11	
740.3	10584.61	
740.7	10516.81	
741.1	10537.15	
741.5	10589.13	
741.899	10331.51	
742.299	10521.33	
742.699	10293.09	
743.099	10195.92	
743.498	10351.85	
743.898	10195.92	
744.297	10254.67	
744.697	10137.16	
745.096	10308.91	
745.495	10252.41	
745.895	10331.51	
746.294	9895.36	
746.693	10030.95	
747.092	9958.64	
747.491	10189.14	
747.89	9897.62	
748.289	9951.86	
748.688	9752.99	
749.087	9911.18	
749.486	9592.54	
749.885	9490.85	
750.284	9775.59	
750.682	9630.96	
751.081	9633.22	
751.479	9520.23	
751.878	9698.76	
752.276	9249.05	
752.675	9027.59	
753.073	9233.23	
753.471	9181.26	
753.87	9043.41	
754.268	9127.02	
754.666	9179	
755.064	9041.15	
755.462	8708.95	
755.86	8756.41	
756.258	8772.23	
756.656	8882.96	
757.054	8756.41	
757.452	8923.64	
757.849	8943.97	
758.247	8543.98	
758.645	8116.88	
759.042	7764.34	
759.44	6948.55	
759.837	6315.79	
760.234	5610.73	
760.632	5165.54	
761.029	4749.73	
761.426	4189.3	
761.823	3936.2	
762.221	3411.92	
762.618	3265.03	
763.015	3355.42	
763.412	3463.89	
763.809	3802.87	
764.205	3915.86	
764.602	4150.88	
764.999	4381.38	
765.396	4503.41	
765.792	4754.25	
766.189	5122.61	
766.586	5244.64	
766.982	5680.78	
767.378	6157.61	
767.775	6422.01	
768.171	6675.11	
768.567	6686.41	
768.964	6912.39	
769.36	6934.99	
769.756	7260.4	
770.152	7251.36	
770.548	7212.95	
770.944	7348.54	
771.34	7228.76	
771.736	7084.14	
772.132	7020.86	
772.527	7208.43	
772.923	7077.36	
773.319	7023.12	
773.714	6986.96	
774.11	7059.28	
774.505	6944.03	
774.901	6634.43	
775.296	6905.61	
775.691	6747.42	
776.087	6702.22	
776.482	6695.45	
776.877	6625.39	
777.272	6548.56	
777.667	6401.67	
778.062	6514.66	
778.457	6340.65	
778.852	6440.08	
779.247	6302.24	
779.642	6302.24	
780.037	6186.98	
780.431	6288.68	
780.826	6116.93	
781.22	6266.08	
781.615	6071.73	
782.009	5945.18	
782.404	6051.39	
782.798	5983.6	
783.193	6022.02	
783.587	5920.32	
783.981	5893.21	
784.375	5601.69	
784.769	5689.82	
785.163	5755.36	
785.557	5518.08	
785.951	5802.81	
786.345	5608.47	
786.739	5511.3	
787.133	5558.75	
787.527	5366.67	
787.92	5427.68	
788.314	5710.16	
788.707	5640.11	
789.101	5527.11	
789.494	5554.23	
789.888	5357.63	
790.281	5170.06	
790.674	5350.85	
791.068	5095.49	
791.461	5294.35	
791.854	5346.33	
792.247	5310.17	
792.64	5151.98	
793.033	5228.82	
793.426	5048.03	
793.819	4987.02	
794.212	4855.95	
794.605	4867.24	
794.997	5018.65	
795.39	4955.38	
795.782	4916.96	
796.175	4720.36	
796.568	4747.47	
796.96	4815.27	
797.352	4761.03	
797.745	4971.2	
798.137	4792.67	
798.529	4869.5	
798.921	4858.21	
799.314	4876.28	
799.706	4808.49	
800.098	4851.43	
800.49	4803.97	
800.882	4648.04	
801.273	4761.03	
801.665	4636.74	
802.057	4618.66	
802.449	4526.01	
802.84	4580.25	
803.232	4555.39	
803.623	4532.79	
804.015	4383.64	
804.406	4541.83	
804.798	4609.62	
805.189	4600.59	
805.58	4526.01	
805.972	4397.2	
806.363	4286.47	
806.754	4225.45	
807.145	4428.84	
807.536	4451.44	
807.927	4399.46	
808.318	4300.03	
808.709	4458.22	
809.099	4419.8	
809.49	4250.31	
809.881	4293.25	
810.271	4297.77	
810.662	4241.27	
811.053	4266.13	
811.443	4263.87	
811.833	4139.58	
812.224	4141.84	
812.614	4182.52	
813.004	4017.55	
813.395	4062.75	
813.785	3886.48	
814.175	3789.31	
814.565	3909.08	
814.955	3789.31	
815.345	3789.31	
815.735	3809.65	
816.124	3757.67	
816.514	3527.17	
816.904	3558.8	
817.294	3594.96	
817.683	3468.41	
818.073	3493.27	
818.462	3545.25	
818.852	3565.58	
819.241	3398.36	
819.63	3479.71	
820.02	3382.54	
820.409	3409.66	
820.798	3445.81	
821.187	3588.18	
821.576	3601.74	
821.965	3405.14	
822.354	3269.55	
822.743	3224.35	
823.132	3362.2	
823.521	3400.62	
823.91	3344.12	
824.298	3262.77	
824.687	3339.6	
825.076	3317	
825.464	3373.5	
825.853	3271.81	
826.241	3547.51	
826.629	3509.09	
827.018	3484.23	
827.406	3454.85	
827.794	3357.68	
828.182	3382.54	
828.571	3368.98	
828.959	3454.85	
829.347	3427.73	
829.735	3418.7	
830.122	3468.41	
830.51	3158.82	
830.898	3206.27	
831.286	3192.71	
831.673	3251.47	
832.061	3222.09	
832.449	3197.23	
832.836	3226.61	
833.224	3314.74	
833.611	3199.49	
833.998	3373.5	
834.386	3303.44	
834.773	3231.13	
835.16	3181.41	
835.547	3194.97	
835.934	3143	
836.321	3115.88	
836.708	3188.19	
837.095	3330.56	
837.482	3242.43	
837.869	3344.12	
838.256	3222.09	
838.642	3258.25	
839.029	3170.11	
839.416	3185.93	
839.802	3204.01	
840.189	3138.48	
840.575	3156.56	
840.962	3158.82	
841.348	3206.27	
841.734	3183.67	
842.12	3152.04	
842.507	3192.71	
842.893	3057.12	
843.279	3059.38	
843.665	2984.81	
844.051	3054.86	
844.437	3102.32	
844.822	3007.41	
845.208	3011.93	
845.594	2948.65	
845.98	2919.27	
846.365	2926.05	
846.751	2946.39	
847.136	2876.34	
847.522	2871.82	
847.907	3063.9	
848.293	2883.12	
848.678	2860.52	
849.063	2898.94	
849.448	2801.76	
849.834	2806.28	
850.219	2846.96	
850.604	2722.67	
850.989	2869.56	
851.374	2657.13	
851.758	2722.67	
852.143	2657.13	
852.528	2496.69	
852.913	2636.8	
853.297	2498.95	
853.682	2478.61	
854.067	2467.31	
854.451	2609.68	
854.836	2381.43	
855.22	2478.61	
855.604	2469.57	
855.989	2431.15	
856.373	2503.47	
856.757	2406.29	
857.141	2324.94	
857.525	2365.62	
857.909	2503.47	
858.293	2449.23	
858.677	2501.21	
859.061	2388.21	
859.445	2458.27	
859.828	2557.7	
860.212	2611.94	
860.596	2444.71	
860.979	2460.53	
861.363	2507.98	
861.746	2471.83	
862.13	2304.6	
862.513	2356.58	
862.896	2406.29	
863.28	2311.38	
863.663	2424.37	
864.046	2471.83	
864.429	2444.71	
864.812	2324.94	
865.195	2313.64	
865.578	2252.62	
865.961	2230.03	
866.344	2108	
866.726	2162.23	
867.109	2241.33	
867.492	2261.66	
867.874	2286.52	
868.257	2148.67	
868.639	2144.15	
869.022	2028.9	
869.404	2008.56	
869.787	2019.86	
870.169	2087.66	
870.551	2089.92	
870.933	2008.56	
871.315	2085.4	
871.697	2031.16	
872.079	2128.33	
872.461	2076.36	
872.843	2144.15	
873.225	2087.66	
873.607	2037.94	
873.989	2067.32	
874.37	2001.78	
874.752	2026.64	
875.134	2024.38	
875.515	1949.81	
875.896	1943.03	
876.278	1990.48	
876.659	1958.85	
877.041	1943.03	
877.422	1974.67	
877.803	2028.9	
878.184	1949.81	
878.565	2083.14	
878.946	2060.54	
879.327	2013.08	
879.708	2022.12	
880.089	2028.9	
880.47	2085.4	
880.851	1952.07	
881.231	2046.98	
881.612	2101.22	
881.993	2098.96	
882.373	2037.94	
882.754	2074.1	
883.134	2121.55	
883.514	2112.52	
883.895	2207.43	
884.275	2135.11	
884.655	2144.15	
885.035	2178.05	
885.415	2141.89	
885.795	2175.79	
886.175	2044.72	
886.555	2239.07	
886.935	2159.97	
887.315	2218.73	
887.695	2114.77	
888.075	2261.66	
888.454	2200.65	
888.834	2214.21	
889.213	2112.52	
889.593	2123.81	
889.972	2044.72	
890.352	2089.92	
890.731	2114.77	
891.11	2024.38	
891.49	2101.22	
891.869	2017.6	
892.248	1886.53	
892.627	1938.51	
893.006	1938.51	
893.385	1954.33	
893.764	1882.01	
894.143	1947.55	
894.522	1827.78	
894.9	1868.45	
895.279	1877.49	
895.658	1651.51	
896.036	1723.82	
896.415	1674.11	
896.793	1626.65	
897.172	1617.61	
897.55	1576.94	
897.928	1622.13	
898.307	1538.52	
898.685	1477.5	
899.063	1581.46	
899.441	1475.24	
899.819	1326.1	
900.197	1348.69	
900.575	1443.61	
900.953	1355.47	
901.331	1371.29	
901.708	1296.72	
902.086	1280.9	
902.464	1174.69	
902.841	1228.92	
903.219	1323.84	
903.596	1267.34	
903.974	1359.99	
904.351	1301.24	
904.729	1323.84	
905.106	1271.86	
905.483	1289.94	
905.86	1389.37	
906.237	1242.48	
906.614	1330.61	
906.991	1382.59	
907.368	1278.64	
907.745	1228.92	
908.122	1321.58	
908.499	1294.46	
908.875	1278.64	
909.252	1199.54	
909.629	1224.4	
910.005	1176.95	
910.382	1091.07	
910.758	1181.47	
911.135	1134.01	
911.511	1213.1	
911.887	1167.91	
912.264	1070.73	
912.64	1097.85	
913.016	1072.99	
913.392	1140.79	
913.768	1136.27	
914.144	1086.55	
914.52	1041.36	
914.896	1052.66	
915.271	1018.76	
915.647	1002.94	
916.023	1032.32	
916.398	960	
916.774	1000.68	
917.15	998.42	
917.525	1034.58	
917.9	1063.96	
918.276	982.6	
918.651	1057.18	
919.026	960	
919.402	1000.68	
919.777	1034.58	
920.152	998.42	
920.527	1039.1	
920.902	1072.99	
921.277	962.26	
921.652	1018.76	
922.026	987.12	
922.401	1070.73	
922.776	1048.14	
923.15	996.16	
923.525	1007.46	
923.9	1050.4	
924.274	1036.84	
924.648	971.3	
925.023	937.4	
925.397	991.64	
925.771	1036.84	
926.146	1002.94	
926.52	1041.36	
926.894	1025.54	
927.268	980.34	
927.642	957.74	
928.016	926.11	
928.39	955.48	
928.764	910.29	
929.137	960	
929.511	948.7	
929.885	892.21	
930.258	844.75	
930.632	867.35	
931.005	928.37	
931.379	795.04	
931.752	885.43	
932.125	770.18	
932.499	799.56	
932.872	813.11	
933.245	772.44	
933.618	695.6	
933.991	652.67	
934.364	729.5	
934.737	691.08	
935.11	679.78	
935.483	663.97	
935.856	634.59	
936.228	569.05	
936.601	643.63	
936.974	521.6	
937.346	602.95	
937.719	512.56	
938.091	578.09	
938.464	494.48	
938.836	541.93	
939.208	541.93	
939.58	492.22	
939.953	514.82	
940.325	492.22	
940.697	546.45	
941.069	550.97	
941.441	485.44	
941.813	591.65	
942.184	598.43	
942.556	562.27	
942.928	555.49	
943.3	560.01	
943.671	553.23	
944.043	566.79	
944.414	544.19	
944.786	539.68	
945.157	573.57	
945.529	521.6	
945.9	492.22	
946.271	503.52	
946.642	505.78	
947.013	512.56	
947.384	560.01	
947.756	444.76	
948.126	496.74	
948.497	501.26	
948.868	487.7	
949.239	487.7	
949.61	499	
949.98	442.5	
950.351	589.39	
950.722	474.14	
951.092	460.58	
951.463	462.84	
951.833	487.7	
952.203	535.16	
952.574	480.92	
952.944	537.42	
953.314	471.88	
953.684	555.49	
954.054	508.04	
954.424	489.96	
954.794	512.56	
955.164	526.12	
955.534	503.52	
955.904	508.04	
956.274	521.6	
956.643	546.45	
957.013	480.92	
957.383	451.54	
957.752	503.52	
958.122	541.93	
958.491	535.16	
958.86	530.64	
959.23	496.74	
959.599	569.05	
959.968	537.42	
960.337	517.08	
960.706	487.7	
961.075	528.38	
961.444	560.01	
961.813	557.75	
962.182	521.6	
962.551	541.93	
962.92	553.23	
963.288	514.82	
963.657	537.42	
964.026	492.22	
964.394	501.26	
964.763	553.23	
965.131	560.01	
965.499	548.71	
965.868	489.96	
966.236	589.39	
966.604	535.16	
966.972	505.78	
967.34	514.82	
967.708	544.19	
968.076	544.19	
968.444	517.08	
968.812	505.78	
969.18	550.97	
969.548	553.23	
969.915	548.71	
970.283	580.35	
970.651	596.17	
971.018	519.34	
971.386	539.68	
971.753	564.53	
972.121	548.71	
972.488	600.69	
972.855	557.75	
973.222	546.45	
973.589	544.19	
973.957	569.05	
974.324	553.23	
974.691	564.53	
975.057	544.19	
975.424	616.51	
975.791	560.01	
976.158	526.12	
976.525	535.16	
976.891	535.16	
977.258	562.27	
977.624	560.01	
977.991	566.79	
978.357	535.16	
978.724	562.27	
979.09	526.12	
979.456	528.38	
979.822	519.34	
980.189	508.04	
980.555	544.19	
980.921	508.04	
981.287	562.27	
981.653	557.75	
982.019	530.64	
982.384	512.56	
982.75	494.48	
983.116	453.8	
983.481	469.62	
983.847	546.45	
984.213	469.62	
984.578	487.7	
984.944	453.8	
985.309	514.82	
985.674	508.04	
986.039	510.3	
986.405	505.78	
986.77	544.19	
987.135	510.3	
987.5	494.48	
987.865	548.71	
988.23	469.62	
988.595	521.6	
988.96	512.56	
989.324	460.58	
989.689	483.18	
990.054	546.45	
990.418	465.1	
990.783	469.62	
991.147	492.22	
991.512	530.64	
991.876	462.84	
992.24	444.76	
992.605	487.7	
992.969	512.56	
993.333	487.7	
993.697	471.88	
994.061	467.36	
994.425	433.46	
994.789	487.7	
995.153	442.5	
995.517	485.44	
995.881	465.1	
996.244	437.98	
996.608	460.58	
996.971	451.54	
997.335	496.74	
997.698	508.04	
998.062	462.84	
998.425	483.18	
998.789	501.26	
999.152	433.46	
999.515	435.72	
999.878	462.84	
1000.241	458.32	
1000.604	431.2	
1000.967	383.75	
1001.33	471.88	
1001.693	399.57	
1002.056	415.38	
1002.419	415.38	
1002.781	417.64	
1003.144	422.16	
1003.507	404.09	
1003.869	437.98	
1004.232	437.98	
1004.594	431.2	
1004.956	401.83	
1005.319	401.83	
1005.681	489.96	
1006.043	462.84	
1006.405	401.83	
1006.767	376.97	
1007.129	435.72	
1007.491	440.24	
1007.853	395.05	
1008.215	440.24	
1008.577	410.86	
1008.939	413.12	
1009.3	410.86	
1009.662	356.63	
1010.024	356.63	
1010.385	399.57	
1010.747	379.23	
1011.108	413.12	
1011.469	404.09	
1011.831	422.16	
1012.192	363.41	
1012.553	460.58	
1012.914	397.31	
1013.275	352.11	
1013.636	374.71	
1013.997	349.85	
1014.358	361.15	
1014.719	428.94	
1015.08	406.35	
1015.441	471.88	
1015.801	388.27	
1016.162	410.86	
1016.523	381.49	
1016.883	406.35	
1017.244	372.45	
1017.604	397.31	
1017.964	390.53	
1018.325	431.2	
1018.685	356.63	
1019.045	318.21	
1019.405	365.67	
1019.765	340.81	
1020.125	320.47	
1020.485	395.05	
1020.845	340.81	
1021.205	372.45	
1021.565	428.94	
1021.925	404.09	
1022.284	406.35	
1022.644	370.19	
1023.004	358.89	
1023.363	426.68	
1023.723	374.71	
1024.082	374.71	
1024.441	324.99	
1024.801	361.15	
1025.16	295.61	
1025.519	318.21	
1025.878	372.45	
1026.237	329.51	
1026.596	356.63	
1026.955	361.15	
1027.314	363.41	
1027.673	354.37	
1028.032	358.89	
1028.39	426.68	
1028.749	379.23	
1029.108	322.73	
1029.466	336.29	
1029.825	343.07	
1030.183	363.41	
1030.542	365.67	
1030.9	370.19	
1031.258	381.49	
1031.616	356.63	
1031.975	356.63	
1032.333	356.63	
